0000D 304691 Log_Data_File 1561849200
1039C 3046946 Ignore_Tolerance scaO%s _ 1 263 0 0 Pump_To_Pressure scaO%s _ 2 415 0 0 Pump_Pressure %.2e%s _ 3 16799 1 415 Rf_Hold scaO%s _ 4 263 0 0 Step_Time %02d:%02d:%02d_%s _ 5 287 2 287 Log_Interval %02d:%02d:%02d%s _ 6 415 0 0 Pump_Time %02d:%02d:%02d_%s _ 7 415 3 287 Pressure %.1f_%s mTorr 8 263 4 263 Position %.1f_%s Deg 9 263 5 263 Position_Mode __%s _ 10 263 0 0 LPS_Strike_Pressure %.1f_%s mTorr 11 263 0 0 LPS_Dc_Bias %.f_%s volts 12 263 0 0 LPS_Ramp_Rate %.f_%s _ 13 263 0 0 HF_Power %.0f_%s W 14 263 6 263 HF_Reflected_Power %.0f_%s W 0 0 7 263 Lower_Magnitude %.1f_%s % 15 263 8 263 Lower_Phase %.1f_%s % 16 263 9 263 DC_Bias %.1f_%s V 0 0 10 263 Cap_Sel %u_%s _ 17 7 0 0 Helium_Pressure %.1f_%s Torr 18 287 11 263 Helium_Flow %.1f_%s _ 0 0 12 263 He_Leak_Mode %5u_%s _ 19 287 0 0 CHF3 %.1f_%s sccm 20 395 13 395 SF6 %.1f_%s sccm 21 395 14 395 CF4 %.1f_%s sccm 22 395 15 395 Ar %.1f_%s sccm 23 395 16 395 O2 %.1f_%s sccm 24 395 17 395 Gas_Line_Select %0.d%s _ 25 3 0 0 Gas_Name %0.f%s _ 26 3 0 0 Gas_Factor_asnumber %.3f_%s _ 27 3 0 0 Gas_Flow_asnumber %.3f_%s _ 28 3 0 0 Gas_Name %0.f%s _ 29 3 0 0 Gas_Factor_asnumber %.3f_%s _ 30 3 0 0 Gas_Flow_asnumber %.3f_%s _ 31 3 0 0 Gas_Name %0.f%s _ 32 3 0 0 Gas_Factor_asnumber %.3f_%s _ 33 3 0 0 Gas_Flow_asnumber %.3f_%s _ 34 3 0 0 Gas_Name %0.f%s _ 35 3 0 0 Gas_Factor_asnumber %.3f_%s _ 36 3 0 0 Gas_Flow_asnumber %.3f_%s _ 37 3 0 0 Gas_Name %0.f%s _ 38 3 0 0 Gas_Factor_asnumber %.3f_%s _ 39 3 0 0 Gas_Flow_asnumber %.3f_%s _ 40 3 0 0 CM_Gauge_Pressure %.1f_%s mTorr 0 0 18 280 Temp %.0f_%s C 41 391 0 0 Chiller_Temp %.0f_%s C 0 0 19 263 
2608Pa30469Kate_gentle_O2_-_edited 65 Wafer_slot_1
1053Sa30469Pump_to_5E-05_Torr_ 1 0 384 5 On 9.02e-05 0.001 5 1 0.0  0.0  0.0  0.0  0.0  20  
1095R 304704.15e-05 0.001 0 0.0  0.0  0.0  0.0  0.0  
1056Sa30473gentle_O2_ 2 20 257 5 Off Off 7.50e-09 Off 20 5 1 100.0  0.0  pressure 100.0  0  0  10  0.0  0.0  0.0      0  0.0  0.0  0.0  0.0  10.0  20  
1154Ra304744.12e-05 20 0 0.0  90.0  0  0  70.7  47.7  0.0  0.0  0.0  0.0  0.0  0.0  0.0  0.0  20  
1101Ra304797.50e-09 20 0 99.9  6.8  0  0  70.7  47.7  0.0  0.0  0.0  0.0  0.0  0.0  0.0  10.0  20  
1102Ra304847.50e-09 18.334 0 99.9  6.6  10  8  68.6  48.7  0.0  0.0  0.0  0.0  0.0  0.0  0.0  9.8  20  
1106Ra304897.50e-09 13.234 0 100.5  6.4  10  7  82.6  51.3  0.0  0.0  0.0  0.0  0.0  0.0  0.0  9.8  20  
1107Ra304947.50e-09 8.334 0 100.1  6.4  10  0  67.1  53.1  54.9  0.0  0.0  0.0  0.0  0.0  0.0  9.8  20  
1107Ra304997.50e-09 3.234 0 99.9  6.5  10  0  62.0  53.5  55.1  0.0  0.0  0.0  0.0  0.0  0.0  9.8  20  
1106Sa30502Pump_to_5E-05_Torr_ 3 0 384 5 On 9.02e-05 0.001 5 1 0.0  0.0  0.0  0.0  0.0  20  
1095R 305037.50e-03 0.001 0 0.0  0.0  0.0  0.0  0.0  
1056R 305081.27e-04 0.001 0 0.0  0.0  0.0  0.0  0.0  
1056pa30512
1014Pa37308Kate_gentle_O2_-_edited 5454 Wafer_slot_1
1055Sa37308Pump_to_5E-05_Torr_ 1 0 384 5 On 9.02e-05 0.001 5 1 0.0  0.0  0.0  0.0  0.0  20  
1095R 373097.73e-05 0.001 0 0.0  0.0  0.0  0.0  0.0  
1056Sa37312gentle_O2_ 2 20 257 5 Off Off 7.50e-09 Off 20 5 1 100.0  0.0  pressure 100.0  0  0  10  0.0  0.0  0.0      0  0.0  0.0  0.0  0.0  10.0  20  
1154Ra373138.63e-05 20 0 0.0  6.9  0  0  70.7  47.7  0.0  0.0  0.0  0.0  0.0  0.0  0.0  0.0  20  
1100Ra373187.50e-09 20 0 13.1  0.0  0  0  70.7  47.7  0.0  0.0  0.0  0.0  0.0  0.0  0.0  9.9  20  
1101Ra373237.50e-09 20 0 67.0  0.0  0  0  70.7  47.7  0.0  0.0  0.0  0.0  0.0  0.0  0.0  10.0  20  
1102Ra373287.50e-09 20 0 100.0  6.7  0  0  70.7  47.7  0.0  0.0  0.0  0.0  0.0  0.0  0.0  9.7  20  
1102Ra373337.50e-09 17.864 0 100.1  6.7  10  8  82.1  48.7  0.0  0.0  0.0  0.0  0.0  0.0  0.0  9.7  20  
1107Ra373387.50e-09 12.764 0 100.0  6.6  10  5  74.9  51.1  31.2  0.0  0.0  0.0  0.0  0.0  0.0  9.7  20  
1108Ra373437.50e-09 7.864 0 99.8  6.9  10  0  68.4  52.5  54.3  0.0  0.0  0.0  0.0  0.0  0.0  9.7  20  
1106Ra373487.50e-09 2.764 0 99.8  6.8  10  0  63.0  53.3  55.5  0.0  0.0  0.0  0.0  0.0  0.0  9.8  20  
1106Sa37350Pump_to_5E-05_Torr_ 3 0 384 5 On 9.02e-05 0.001 5 1 0.0  0.0  0.0  0.0  0.0  20  
1095R 373517.50e-03 0.001 0 0.0  0.0  0.0  0.0  0.0  
1056R 373561.76e-04 0.001 0 0.0  0.0  0.0  0.0  0.0  
1056R 373618.57e-05 0.001 0 0.0  0.0  0.0  0.0  0.0  
1056pa37363
1014