0000D 060881 Log_Data_File 1561676400
1039C 0608846 Ignore_Tolerance scaO%s _ 1 263 0 0 Pump_To_Pressure scaO%s _ 2 415 0 0 Pump_Pressure %.2e%s _ 3 16799 1 415 Rf_Hold scaO%s _ 4 263 0 0 Step_Time %02d:%02d:%02d_%s _ 5 287 2 287 Log_Interval %02d:%02d:%02d%s _ 6 415 0 0 Pump_Time %02d:%02d:%02d_%s _ 7 415 3 287 Pressure %.1f_%s mTorr 8 263 4 263 Position %.1f_%s Deg 9 263 5 263 Position_Mode __%s _ 10 263 0 0 LPS_Strike_Pressure %.1f_%s mTorr 11 263 0 0 LPS_Dc_Bias %.f_%s volts 12 263 0 0 LPS_Ramp_Rate %.f_%s _ 13 263 0 0 HF_Power %.0f_%s W 14 263 6 263 HF_Reflected_Power %.0f_%s W 0 0 7 263 Lower_Magnitude %.1f_%s % 15 263 8 263 Lower_Phase %.1f_%s % 16 263 9 263 DC_Bias %.1f_%s V 0 0 10 263 Cap_Sel %u_%s _ 17 7 0 0 Helium_Pressure %.1f_%s Torr 18 287 11 263 Helium_Flow %.1f_%s _ 0 0 12 263 He_Leak_Mode %5u_%s _ 19 287 0 0 CHF3 %.1f_%s sccm 20 395 13 395 SF6 %.1f_%s sccm 21 395 14 395 CF4 %.1f_%s sccm 22 395 15 395 Ar %.1f_%s sccm 23 395 16 395 O2 %.1f_%s sccm 24 395 17 395 Gas_Line_Select %0.d%s _ 25 3 0 0 Gas_Name %0.f%s _ 26 3 0 0 Gas_Factor_asnumber %.3f_%s _ 27 3 0 0 Gas_Flow_asnumber %.3f_%s _ 28 3 0 0 Gas_Name %0.f%s _ 29 3 0 0 Gas_Factor_asnumber %.3f_%s _ 30 3 0 0 Gas_Flow_asnumber %.3f_%s _ 31 3 0 0 Gas_Name %0.f%s _ 32 3 0 0 Gas_Factor_asnumber %.3f_%s _ 33 3 0 0 Gas_Flow_asnumber %.3f_%s _ 34 3 0 0 Gas_Name %0.f%s _ 35 3 0 0 Gas_Factor_asnumber %.3f_%s _ 36 3 0 0 Gas_Flow_asnumber %.3f_%s _ 37 3 0 0 Gas_Name %0.f%s _ 38 3 0 0 Gas_Factor_asnumber %.3f_%s _ 39 3 0 0 Gas_Flow_asnumber %.3f_%s _ 40 3 0 0 CM_Gauge_Pressure %.1f_%s mTorr 0 0 18 280 Temp %.0f_%s C 41 391 0 0 Chiller_Temp %.0f_%s C 0 0 19 263 
2608Pa06088O2_-_Chamber_Clean_Short_-_edited  Wafer_slot_1
1061Sa06088Pump_to_5E-05_Torr_ 1 0 384 5 On 4.99e-05 0.001 5 1 0.0  0.0  0.0  0.0  0.0  20  
1095R 060883.50e-04 0.001 0 0.0  0.0  0.0  0.0  0.0  
1056R 060933.34e-04 0.001 0 0.0  0.0  0.0  0.0  0.0  
1056R 060983.20e-04 0.001 0 0.0  0.0  0.0  0.0  0.0  
1056R 061033.04e-04 0.001 0 0.0  0.0  0.0  0.0  0.0  
1056R 061082.93e-04 0.001 0 0.0  0.0  0.0  0.0  0.0  
1056R 061132.77e-04 0.001 0 0.0  0.0  0.0  0.0  0.0  
1056R 061182.66e-04 0.001 0 0.0  0.0  0.0  0.0  0.0  
1056R 061232.56e-04 0.001 0 0.0  0.0  0.0  0.0  0.0  
1056R 061282.47e-04 0.001 0 0.0  0.0  0.0  0.0  0.0  
1056R 061332.40e-04 0.001 0 0.0  0.0  0.0  0.0  0.0  
1056R 061382.31e-04 0.001 0 0.0  0.0  0.0  0.0  0.0  
1056R 061432.24e-04 0.001 0 0.0  0.0  0.0  0.0  0.0  
1056R 061482.16e-04 0.001 0 0.0  0.0  0.0  0.0  0.0  
1056R 061532.14e-04 0.001 0 0.0  0.0  0.0  0.0  0.0  
1056R 061582.11e-04 0.001 0 0.0  0.0  0.0  0.0  0.0  
1056R 061632.07e-04 0.001 0 0.0  0.0  0.0  0.0  0.0  
1056R 061682.03e-04 0.001 0 0.0  0.0  0.0  0.0  0.0  
1056R 061732.01e-04 0.001 0 0.0  0.0  0.0  0.0  0.0  
1056R 061782.00e-04 0.001 0 0.0  0.0  0.0  0.0  0.0  
1056R 061831.97e-04 0.001 0 0.0  0.0  0.0  0.0  0.0  
1056R 061881.96e-04 0.001 0 0.0  0.0  0.0  0.0  0.0  
1056R 061931.93e-04 0.001 0 0.0  0.0  0.0  0.0  0.0  
1056R 061981.90e-04 0.001 0 0.0  0.0  0.0  0.0  0.0  
1056R 062031.89e-04 0.001 0 0.0  0.0  0.0  0.0  0.0  
1056pa06204
1014Pa06223O2_-_Chamber_Clean_Short_-_edited  Wafer_slot_1
1061Sa06223Pump_to_5E-05_Torr_ 1 0 384 5 On 9.98e-05 0.001 5 1 0.0  0.0  0.0  0.0  0.0  20  
1095R 062241.81e-04 0.001 0 0.0  0.0  0.0  0.0  0.0  
1056R 062291.80e-04 0.001 0 0.0  0.0  0.0  0.0  0.0  
1056R 062341.78e-04 0.001 0 0.0  0.0  0.0  0.0  0.0  
1056R 062391.77e-04 0.001 0 0.0  0.0  0.0  0.0  0.0  
1056R 062441.74e-04 0.001 0 0.0  0.0  0.0  0.0  0.0  
1056R 062491.73e-04 0.001 0 0.0  0.0  0.0  0.0  0.0  
1056R 062541.72e-04 0.001 0 0.0  0.0  0.0  0.0  0.0  
1056R 062591.70e-04 0.001 0 0.0  0.0  0.0  0.0  0.0  
1056R 062641.69e-04 0.001 0 0.0  0.0  0.0  0.0  0.0  
1056R 062691.65e-04 0.001 0 0.0  0.0  0.0  0.0  0.0  
1056R 062741.65e-04 0.001 0 0.0  0.0  0.0  0.0  0.0  
1056R 062791.64e-04 0.001 0 0.0  0.0  0.0  0.0  0.0  
1056R 062841.62e-04 0.001 0 0.0  0.0  0.0  0.0  0.0  
1056R 062891.61e-04 0.001 0 0.0  0.0  0.0  0.0  0.0  
1056R 062941.60e-04 0.001 0 0.0  0.0  0.0  0.0  0.0  
1056R 062991.58e-04 0.001 0 0.0  0.0  0.0  0.0  0.0  
1056R 063041.57e-04 0.001 0 0.0  0.0  0.0  0.0  0.0  
1056R 063091.56e-04 0.001 0 0.0  0.0  0.0  0.0  0.0  
1056R 063141.55e-04 0.001 0 0.0  0.0  0.0  0.0  0.0  
1056R 063191.53e-04 0.001 0 0.0  0.0  0.0  0.0  0.0  
1056R 063241.53e-04 0.001 0 0.0  0.0  0.0  0.0  0.0  
1056R 063291.51e-04 0.001 0 0.0  0.0  0.0  0.0  0.0  
1056R 063341.50e-04 0.001 0 0.0  0.0  0.0  0.0  0.0  
1056pa06337
1014Pa06347O2_-_Chamber_Clean_Short_-_edited  Wafer_slot_1
1061Sa06347Pump_to_5E-05_Torr_ 1 0 384 5 On 2.00e-04 0.001 5 1 0.0  0.0  0.0  0.0  0.0  20  
1095R 063471.47e-04 0.001 0 0.0  0.0  0.0  0.0  0.0  
1056Sa06350Chamber_Clean_ 2 300 257 5 Off Off 7.50e-09 Off 300 5 1 100.0  0.0  pressure 100.0  0  0  200  0.0  0.0  0.0      0  0.0  0.0  0.0  0.0  50.0  20  
1161Ra063511.45e-04 300 0 0.0  90.0  0  0  70.7  47.7  0.0  0.0  0.0  0.0  0.0  0.0  0.0  0.0  20  
1102Ra063567.50e-09 299.98 0 71.7  0.0  0  0  70.7  47.7  0.0  0.0  0.0  0.0  0.0  0.0  0.0  49.8  20  
1106Ra063617.50e-09 299.98 0 100.1  12.6  0  0  70.7  47.7  0.0  0.0  0.0  0.0  0.0  0.0  0.0  49.9  20  
1108Ra063667.50e-09 299.172 0 100.2  12.6  201  1  75.9  51.4  378.9  0.0  0.0  0.0  0.0  0.0  0.0  49.8  20  
1113Ra063717.50e-09 294.272 0 100.1  12.8  201  0  69.2  52.2  375.0  0.0  0.0  0.0  0.0  0.0  0.0  49.8  20  
1113Ra063767.50e-09 289.172 0 100.0  12.6  201  1  66.8  52.4  375.6  0.0  0.0  0.0  0.0  0.0  0.0  49.6  20  
1113Ra063817.50e-09 284.372 0 100.0  12.5  201  1  66.0  52.5  376.1  0.0  0.0  0.0  0.0  0.0  0.0  49.7  20  
1113Ra063867.50e-09 279.272 0 100.2  12.5  201  1  65.6  52.5  376.2  0.0  0.0  0.0  0.0  0.0  0.0  49.5  20  
1113Ra063917.50e-09 274.172 0 100.1  12.6  201  1  65.5  52.5  376.6  0.0  0.0  0.0  0.0  0.0  0.0  49.5  20  
1113Ra063967.50e-09 269.372 0 100.2  12.6  201  1  65.4  52.5  376.9  0.0  0.0  0.0  0.0  0.0  0.0  49.6  20  
1113Ra064017.50e-09 264.272 0 100.2  12.4  201  1  65.5  52.5  377.1  0.0  0.0  0.0  0.0  0.0  0.0  49.8  20  
1113Ra064067.50e-09 259.172 0 100.3  12.6  201  1  65.5  52.5  377.4  0.0  0.0  0.0  0.0  0.0  0.0  49.9  20  
1113Ra064117.50e-09 254.372 0 100.0  12.5  201  1  65.5  52.5  377.5  0.0  0.0  0.0  0.0  0.0  0.0  49.9  20  
1113Ra064167.50e-09 249.272 0 100.0  12.5  201  1  65.6  52.5  377.4  0.0  0.0  0.0  0.0  0.0  0.0  49.7  20  
1113Ra064217.50e-09 244.172 0 100.1  12.4  201  1  65.4  52.5  377.7  0.0  0.0  0.0  0.0  0.0  0.0  49.7  20  
1113Ra064267.50e-09 239.272 0 99.8  12.5  201  1  65.3  52.5  377.6  0.0  0.0  0.0  0.0  0.0  0.0  49.7  20  
1112Ra064317.50e-09 234.172 0 99.8  12.5  201  1  65.6  52.5  377.6  0.0  0.0  0.0  0.0  0.0  0.0  49.7  20  
1112Ra064367.50e-09 229.272 0 99.9  12.6  201  1  65.5  52.5  377.3  0.0  0.0  0.0  0.0  0.0  0.0  49.7  20  
1112Ra064417.50e-09 224.172 0 99.9  12.6  201  1  65.7  52.5  377.5  0.0  0.0  0.0  0.0  0.0  0.0  49.8  20  
1112Ra064467.50e-09 219.372 0 100.1  12.4  201  1  65.6  52.4  378.1  0.0  0.0  0.0  0.0  0.0  0.0  49.8  20  
1113Ra064517.50e-09 214.272 0 100.0  12.5  201  1  65.7  52.4  377.7  0.0  0.0  0.0  0.0  0.0  0.0  49.9  20  
1113Ra064567.50e-09 209.372 0 100.1  12.6  201  1  65.7  52.4  377.8  0.0  0.0  0.0  0.0  0.0  0.0  49.9  20  
1113Ra064617.50e-09 204.272 0 99.8  12.6  201  1  65.8  52.4  377.7  0.0  0.0  0.0  0.0  0.0  0.0  49.8  20  
1112Ra064667.50e-09 199.172 0 100.0  12.5  201  1  65.8  52.4  377.9  0.0  0.0  0.0  0.0  0.0  0.0  49.7  20  
1113Ra064717.50e-09 194.372 0 100.0  12.4  201  1  65.7  52.4  377.9  0.0  0.0  0.0  0.0  0.0  0.0  49.8  20  
1113Ra064767.50e-09 189.272 0 99.7  12.4  201  1  65.5  52.4  378.1  0.0  0.0  0.0  0.0  0.0  0.0  49.9  20  
1112Ra064817.50e-09 184.172 0 100.3  12.3  201  1  65.7  52.4  378.2  0.0  0.0  0.0  0.0  0.0  0.0  49.9  20  
1113Ra064867.50e-09 179.272 0 100.1  12.6  201  1  65.9  52.4  378.2  0.0  0.0  0.0  0.0  0.0  0.0  49.9  20  
1113Ra064917.50e-09 174.172 0 99.8  12.5  201  1  65.7  52.4  378.1  0.0  0.0  0.0  0.0  0.0  0.0  49.7  20  
1112Ra064967.50e-09 169.372 0 100.1  12.5  201  1  65.8  52.4  378.1  0.0  0.0  0.0  0.0  0.0  0.0  50.1  20  
1113Ra065017.50e-09 164.272 0 100.2  12.5  201  1  66.0  52.4  378.1  0.0  0.0  0.0  0.0  0.0  0.0  50.0  20  
1113Ra065067.50e-09 159.172 0 100.1  12.5  201  1  65.8  52.4  378.4  0.0  0.0  0.0  0.0  0.0  0.0  49.7  20  
1113Ra065117.50e-09 154.272 0 100.0  12.5  201  1  65.7  52.4  378.4  0.0  0.0  0.0  0.0  0.0  0.0  49.8  20  
1113Ra065167.50e-09 149.272 0 100.0  12.6  201  1  66.0  52.4  378.5  0.0  0.0  0.0  0.0  0.0  0.0  50.0  20  
1113Ra065217.50e-09 144.372 0 99.8  12.5  201  1  65.9  52.4  378.7  0.0  0.0  0.0  0.0  0.0  0.0  49.7  20  
1112Ra065267.50e-09 139.272 0 99.8  12.5  201  1  65.9  52.4  378.9  0.0  0.0  0.0  0.0  0.0  0.0  49.7  20  
1112Ra065317.50e-09 134.172 0 100.3  12.5  201  1  65.9  52.4  378.9  0.0  0.0  0.0  0.0  0.0  0.0  49.7  20  
1113Ra065367.50e-09 129.272 0 99.9  12.6  201  1  65.7  52.4  379.4  0.0  0.0  0.0  0.0  0.0  0.0  50.0  20  
1112Ra065417.50e-09 124.172 0 100.1  12.4  201  1  65.9  52.4  379.1  0.0  0.0  0.0  0.0  0.0  0.0  49.9  20  
1113Ra065467.50e-09 119.172 0 100.1  12.7  201  1  65.8  52.4  379.3  0.0  0.0  0.0  0.0  0.0  0.0  49.8  20  
1113Ra065517.50e-09 114.272 0 99.8  12.4  201  1  66.1  52.4  379.1  0.0  0.0  0.0  0.0  0.0  0.0  49.8  20  
1112Ra065567.50e-09 109.172 0 100.1  12.5  201  1  66.2  52.4  379.3  0.0  0.0  0.0  0.0  0.0  0.0  49.8  20  
1113Ra065617.50e-09 104.272 0 100.0  12.5  201  1  66.0  52.3  379.6  0.0  0.0  0.0  0.0  0.0  0.0  49.8  20  
1113Ra065667.50e-09 99.172 0 99.9  12.6  201  1  66.0  52.3  379.7  0.0  0.0  0.0  0.0  0.0  0.0  49.8  20  
1111Ra065717.50e-09 94.172 0 99.9  12.5  201  1  66.1  52.3  379.6  0.0  0.0  0.0  0.0  0.0  0.0  49.6  20  
1111Ra065767.50e-09 89.272 0 100.0  12.4  201  1  66.1  52.3  379.6  0.0  0.0  0.0  0.0  0.0  0.0  49.9  20  
1112Ra065817.50e-09 84.172 0 99.7  12.4  201  1  66.2  52.3  379.8  0.0  0.0  0.0  0.0  0.0  0.0  49.8  20  
1111Ra065867.50e-09 79.272 0 100.1  12.6  201  1  66.0  52.3  379.9  0.0  0.0  0.0  0.0  0.0  0.0  49.8  20  
1112Ra065917.50e-09 74.172 0 100.0  12.4  201  1  66.1  52.3  379.7  0.0  0.0  0.0  0.0  0.0  0.0  49.8  20  
1112Ra065967.50e-09 69.272 0 99.9  12.4  201  1  66.1  52.3  379.7  0.0  0.0  0.0  0.0  0.0  0.0  49.8  20  
1111Ra066017.50e-09 64.172 0 99.9  12.4  201  1  66.1  52.3  380.2  0.0  0.0  0.0  0.0  0.0  0.0  49.9  20  
1111Ra066067.50e-09 59.272 0 99.9  12.5  201  1  66.1  52.3  380.1  0.0  0.0  0.0  0.0  0.0  0.0  49.8  20  
1111Ra066117.50e-09 54.172 0 100.0  12.4  201  1  66.2  52.3  380.1  0.0  0.0  0.0  0.0  0.0  0.0  49.7  20  
1112Ra066167.50e-09 49.272 0 99.7  12.5  201  1  66.4  52.3  380.3  0.0  0.0  0.0  0.0  0.0  0.0  49.8  20  
1111Ra066217.50e-09 44.272 0 100.0  12.5  201  1  66.4  52.3  380.4  0.0  0.0  0.0  0.0  0.0  0.0  49.6  20  
1112Ra066267.50e-09 39.172 0 100.1  12.5  201  1  66.1  52.3  380.8  0.0  0.0  0.0  0.0  0.0  0.0  49.7  20  
1112Ra066317.50e-09 34.172 0 99.9  12.4  201  1  66.2  52.3  380.5  0.0  0.0  0.0  0.0  0.0  0.0  49.8  20  
1111Ra066367.50e-09 29.172 0 99.9  12.5  201  1  66.2  52.3  380.7  0.0  0.0  0.0  0.0  0.0  0.0  49.7  20  
1111Ra066417.50e-09 24.272 0 99.8  12.5  201  1  66.4  52.3  380.6  0.0  0.0  0.0  0.0  0.0  0.0  49.9  20  
1111Ra066467.50e-09 19.172 0 99.9  12.4  201  1  66.3  52.3  380.7  0.0  0.0  0.0  0.0  0.0  0.0  50.1  20  
1111Ra066517.50e-09 14.272 0 99.9  12.4  201  1  66.3  52.3  380.8  0.0  0.0  0.0  0.0  0.0  0.0  49.8  20  
1111Ra066567.50e-09 9.272 0 100.0  12.4  201  1  66.2  52.3  380.7  0.0  0.0  0.0  0.0  0.0  0.0  49.7  20  
1111Ra066617.50e-09 4.272 0 99.6  12.4  201  1  66.3  52.3  381.0  0.0  0.0  0.0  0.0  0.0  0.0  49.6  20  
1110Sa06665Pump_to_5E-05_Torr_ 3 0 384 5 On 4.99e-05 0.001 5 1 0.0  0.0  0.0  0.0  0.0  20  
1095R 066667.50e-03 0.001 0 0.0  0.0  0.0  0.0  0.0  
1056R 066712.08e-04 0.001 0 0.0  0.0  0.0  0.0  0.0  
1056R 066761.44e-04 0.001 0 0.0  0.0  0.0  0.0  0.0  
1056pa06680
1014Pa07213O2_-_Resist_Descum_-_edited  Wafer_slot_1
1055Sa07213Pump_to_5E-05_Torr_ 1 0 384 5 On 2.00e-04 0.001 5 1 0.0  0.0  0.0  0.0  0.0  20  
1095R 072131.60e-04 0.001 0 0.0  0.0  0.0  0.0  0.0  
1056Sa07216descum_ 2 15 257 5 Off Off 7.50e-09 Off 15 5 1 10.0  0.0  pressure 50.4  20  10  20  0.0  0.0  0.0      0  0.0  0.0  0.0  0.0  40.0  20  
1151Ra072171.58e-04 15 0 0.0  90.0  0  0  70.7  47.7  0.0  0.0  0.0  0.0  0.0  0.0  0.0  0.0  20  
1101Ra072227.50e-09 15 0 48.7  14.8  0  0  70.7  47.7  0.0  0.0  0.0  0.0  0.0  0.0  0.0  39.7  20  
1103Ra072277.50e-09 14.834 0 50.2  15.3  20  16  96.4  47.7  0.0  0.0  0.0  0.0  0.0  0.0  0.0  39.5  20  
1109Ra072327.50e-09 12.638 0 50.3  15.2  20  8  100.0  51.2  0.1  0.0  0.0  0.0  0.0  0.0  0.0  39.6  20  
1109pa07243
1014Pa07297O2_-_Resist_Descum_-_edited  Wafer_slot_1
1055Sa07297Pump_to_5E-05_Torr_ 1 0 384 5 On 2.00e-04 0.001 5 1 0.0  0.0  0.0  0.0  0.0  20  
1095R 072981.23e-04 0.001 0 0.0  0.0  0.0  0.0  0.0  
1056Sa07301descum_ 2 15 257 5 Off Off 7.50e-09 Off 15 5 1 10.0  0.0  pressure 80.0  50  10  30  0.0  0.0  0.0      0  0.0  0.0  0.0  0.0  40.0  20  
1151Ra073021.25e-04 15 0 0.0  56.0  0  0  70.7  47.7  0.0  0.0  0.0  0.0  0.0  0.0  0.0  0.0  20  
1101Ra073077.50e-09 15 0 50.1  0.0  0  0  70.7  47.7  0.0  0.0  0.0  0.0  0.0  0.0  0.0  39.8  20  
1102Ra073127.50e-09 15 0 80.0  12.1  0  0  70.7  47.7  0.0  0.0  0.0  0.0  0.0  0.0  0.0  39.7  20  
1103Ra073177.50e-09 14.036 0 66.6  29.9  30  5  74.8  51.8  134.4  0.0  0.0  0.0  0.0  0.0  0.0  39.5  20  
1110Ra073227.50e-09 9.136 0 9.9  28.4  30  0  70.3  52.9  149.2  0.0  0.0  0.0  0.0  0.0  0.0  40.0  20  
1108Ra073277.50e-09 4.036 0 10.1  28.2  30  0  66.9  53.3  148.2  0.0  0.0  0.0  0.0  0.0  0.0  39.9  20  
1109Sa07331Pump_to_5E-05_Torr_ 3 0 384 5 On 4.99e-05 0.001 5 1 0.0  0.0  0.0  0.0  0.0  20  
1095R 073327.50e-03 0.001 0 0.0  0.0  0.0  0.0  0.0  
1056R 073372.00e-04 0.001 0 0.0  0.0  0.0  0.0  0.0  
1056R 073421.39e-04 0.001 0 0.0  0.0  0.0  0.0  0.0  
1056R 073471.23e-04 0.001 0 0.0  0.0  0.0  0.0  0.0  
1056R 073521.16e-04 0.001 0 0.0  0.0  0.0  0.0  0.0  
1056pa07356
1014Pa21516O2_-_Chamber_Clean_-_edited  Wafer_slot_1
1055Sa21516Pump_to_5E-05_Torr_ 1 0 384 5 On 4.99e-05 0.001 5 1 0.0  0.0  0.0  0.0  0.0  20  
1095R 215175.01e-05 0.001 0 0.0  0.0  0.0  0.0  0.0  
1056Sa21520Chamber_Clean_ 2 300 257 5 Off Off 7.50e-09 Off 300 5 1 100.0  0.0  pressure 100.0  0  0  200  50.0  50.0  0.0      0  0.0  0.0  0.0  0.0  50.0  20  
1163Ra215215.53e-05 300 0 0.0  56.0  0  0  70.7  47.7  0.0  0.0  0.0  0.0  0.0  0.0  0.0  0.0  20  
1102Ra215267.50e-09 299.98 0 98.0  12.1  0  0  50.0  50.0  0.0  0.0  0.0  0.0  0.0  0.0  0.0  49.8  20  
1107Ra215317.50e-09 299.912 0 100.1  12.2  135  98  50.0  50.0  112.8  0.0  0.0  0.0  0.0  0.0  0.0  46.6  20  
1114Ra215367.50e-09 298.688 0 99.8  12.6  201  7  58.6  53.7  369.8  0.0  0.0  0.0  0.0  0.0  0.0  49.8  20  
1112Ra215417.50e-09 293.888 0 100.0  12.7  201  4  60.7  53.0  370.0  0.0  0.0  0.0  0.0  0.0  0.0  49.7  20  
1113Ra215467.50e-09 288.788 0 99.8  12.5  201  3  62.8  52.7  372.9  0.0  0.0  0.0  0.0  0.0  0.0  49.8  20  
1112Ra215517.50e-09 283.688 0 100.0  12.5  201  2  64.2  52.5  374.3  0.0  0.0  0.0  0.0  0.0  0.0  49.6  20  
1113Ra215567.50e-09 278.888 0 99.7  12.6  201  2  64.7  52.5  374.3  0.0  0.0  0.0  0.0  0.0  0.0  49.7  20  
1112Ra215617.50e-09 273.788 0 99.9  12.4  201  2  65.1  52.5  374.2  0.0  0.0  0.0  0.0  0.0  0.0  50.0  20  
1112Ra215667.50e-09 268.788 0 99.7  12.6  201  2  65.0  52.4  374.4  0.0  0.0  0.0  0.0  0.0  0.0  49.7  20  
1112Ra215717.50e-09 263.788 0 99.9  12.5  201  2  65.3  52.4  374.5  0.0  0.0  0.0  0.0  0.0  0.0  49.8  20  
1112Ra215767.50e-09 258.888 0 100.0  12.4  201  1  65.2  52.4  374.8  0.0  0.0  0.0  0.0  0.0  0.0  49.9  20  
1113Ra215817.50e-09 253.788 0 100.0  12.6  201  1  65.3  52.4  374.9  0.0  0.0  0.0  0.0  0.0  0.0  49.7  20  
1113Ra215867.50e-09 248.688 0 100.0  12.5  201  1  65.5  52.4  375.2  0.0  0.0  0.0  0.0  0.0  0.0  49.9  20  
1113Ra215917.50e-09 243.788 0 100.2  12.4  201  1  65.4  52.4  374.7  0.0  0.0  0.0  0.0  0.0  0.0  49.9  20  
1113Ra215967.50e-09 238.788 0 100.1  12.4  201  1  65.5  52.4  374.8  0.0  0.0  0.0  0.0  0.0  0.0  50.1  20  
1113Ra216017.50e-09 233.688 0 99.8  12.5  201  1  65.4  52.3  375.0  0.0  0.0  0.0  0.0  0.0  0.0  49.8  20  
1112Ra216067.50e-09 228.788 0 100.0  12.6  201  1  65.5  52.3  375.1  0.0  0.0  0.0  0.0  0.0  0.0  49.8  20  
1113Ra216117.50e-09 223.788 0 100.1  12.5  201  1  65.6  52.3  375.5  0.0  0.0  0.0  0.0  0.0  0.0  49.8  20  
1113Ra216167.50e-09 218.888 0 100.1  12.4  201  1  65.6  52.3  375.7  0.0  0.0  0.0  0.0  0.0  0.0  49.6  20  
1113Ra216217.50e-09 213.688 0 100.2  12.5  201  1  65.6  52.3  375.5  0.0  0.0  0.0  0.0  0.0  0.0  49.9  20  
1113Ra216267.50e-09 208.888 0 99.9  12.4  201  1  65.6  52.3  375.4  0.0  0.0  0.0  0.0  0.0  0.0  50.0  20  
1112Ra216317.50e-09 203.788 0 100.0  12.4  201  1  65.7  52.3  375.8  0.0  0.0  0.0  0.0  0.0  0.0  49.7  20  
1113Ra216367.50e-09 198.788 0 100.0  12.5  201  1  65.7  52.3  376.0  0.0  0.0  0.0  0.0  0.0  0.0  49.8  20  
1113Ra216417.50e-09 193.788 0 100.2  12.6  201  1  65.6  52.3  375.8  0.0  0.0  0.0  0.0  0.0  0.0  50.0  20  
1113Ra216467.50e-09 188.688 0 99.8  12.5  201  1  65.7  52.3  375.8  0.0  0.0  0.0  0.0  0.0  0.0  49.8  20  
1112Ra216517.50e-09 183.788 0 100.0  12.5  201  1  65.8  52.3  376.0  0.0  0.0  0.0  0.0  0.0  0.0  49.6  20  
1113Ra216567.50e-09 178.688 0 100.0  12.4  201  1  65.9  52.3  376.4  0.0  0.0  0.0  0.0  0.0  0.0  49.9  20  
1113Ra216617.50e-09 173.888 0 99.9  12.4  201  1  65.8  52.3  376.4  0.0  0.0  0.0  0.0  0.0  0.0  49.8  20  
1112Ra216667.50e-09 168.788 0 99.8  12.5  201  1  65.9  52.3  376.2  0.0  0.0  0.0  0.0  0.0  0.0  49.8  20  
1112Ra216717.50e-09 163.688 0 100.2  12.6  201  1  65.9  52.3  376.4  0.0  0.0  0.0  0.0  0.0  0.0  49.7  20  
1113Ra216767.50e-09 158.888 0 99.7  12.3  201  1  65.9  52.3  376.2  0.0  0.0  0.0  0.0  0.0  0.0  49.9  20  
1112Ra216817.50e-09 153.788 0 99.9  12.5  201  1  65.8  52.3  376.4  0.0  0.0  0.0  0.0  0.0  0.0  49.8  20  
1112Ra216867.50e-09 148.688 0 100.0  12.5  201  1  65.8  52.3  376.4  0.0  0.0  0.0  0.0  0.0  0.0  49.8  20  
1113Ra216917.50e-09 143.788 0 99.9  12.4  201  1  65.7  52.3  376.7  0.0  0.0  0.0  0.0  0.0  0.0  49.6  20  
1112Ra216967.50e-09 138.688 0 100.3  12.4  201  1  66.0  52.3  376.7  0.0  0.0  0.0  0.0  0.0  0.0  49.7  20  
1113Ra217017.50e-09 133.788 0 99.7  12.4  201  1  65.8  52.3  376.9  0.0  0.0  0.0  0.0  0.0  0.0  49.7  20  
1112Ra217067.50e-09 128.788 0 99.9  12.3  201  1  65.9  52.3  376.6  0.0  0.0  0.0  0.0  0.0  0.0  49.9  20  
1112Ra217117.50e-09 123.688 0 99.7  12.3  201  1  66.0  52.3  376.8  0.0  0.0  0.0  0.0  0.0  0.0  49.9  20  
1112Ra217167.50e-09 118.788 0 100.0  12.2  201  1  65.9  52.3  376.8  0.0  0.0  0.0  0.0  0.0  0.0  49.4  20  
1113Ra217217.50e-09 113.788 0 100.0  12.4  201  1  65.8  52.3  377.0  0.0  0.0  0.0  0.0  0.0  0.0  49.8  20  
1113Ra217267.50e-09 108.888 0 100.2  12.3  201  1  65.8  52.3  377.1  0.0  0.0  0.0  0.0  0.0  0.0  50.0  20  
1113Ra217317.50e-09 103.788 0 100.1  12.3  201  1  65.9  52.3  377.2  0.0  0.0  0.0  0.0  0.0  0.0  49.7  20  
1113Ra217367.50e-09 98.688 0 100.0  12.5  201  1  65.9  52.3  377.2  0.0  0.0  0.0  0.0  0.0  0.0  49.8  20  
1112Ra217417.50e-09 93.888 0 100.0  12.5  201  1  66.0  52.3  377.2  0.0  0.0  0.0  0.0  0.0  0.0  49.7  20  
1112Ra217467.50e-09 88.788 0 100.1  12.5  201  1  65.9  52.3  377.4  0.0  0.0  0.0  0.0  0.0  0.0  49.6  20  
1112Ra217517.50e-09 83.688 0 99.9  12.4  201  1  65.9  52.3  377.5  0.0  0.0  0.0  0.0  0.0  0.0  49.8  20  
1111Ra217567.50e-09 78.788 0 99.8  12.4  201  1  65.9  52.4  377.5  0.0  0.0  0.0  0.0  0.0  0.0  49.8  20  
1111Ra217617.50e-09 73.788 0 100.0  12.4  201  1  65.8  52.4  377.6  0.0  0.0  0.0  0.0  0.0  0.0  50.0  20  
1112Ra217667.50e-09 68.688 0 99.9  12.5  201  1  66.0  52.4  377.5  0.0  0.0  0.0  0.0  0.0  0.0  50.0  20  
1111Ra217717.50e-09 63.788 0 100.2  12.4  201  1  65.8  52.4  377.6  0.0  0.0  0.0  0.0  0.0  0.0  49.9  20  
1112Ra217767.50e-09 58.688 0 99.9  12.4  201  1  65.9  52.4  377.8  0.0  0.0  0.0  0.0  0.0  0.0  50.0  20  
1111Ra217817.50e-09 53.688 0 100.2  12.3  201  1  66.0  52.3  377.8  0.0  0.0  0.0  0.0  0.0  0.0  49.9  20  
1112Ra217867.50e-09 48.788 0 100.0  12.5  201  1  66.0  52.3  377.7  0.0  0.0  0.0  0.0  0.0  0.0  49.9  20  
1112Ra217917.50e-09 43.688 0 99.9  12.5  201  1  66.1  52.3  378.0  0.0  0.0  0.0  0.0  0.0  0.0  49.9  20  
1111Ra217967.50e-09 38.688 0 100.0  12.4  201  1  65.9  52.3  378.0  0.0  0.0  0.0  0.0  0.0  0.0  49.7  20  
1112Ra218017.50e-09 33.688 0 100.1  12.3  201  1  65.8  52.3  378.2  0.0  0.0  0.0  0.0  0.0  0.0  49.7  20  
1112Ra218067.50e-09 28.688 0 100.0  12.5  201  1  66.0  52.3  378.2  0.0  0.0  0.0  0.0  0.0  0.0  49.8  20  
1112Ra218117.50e-09 23.788 0 100.1  12.5  201  1  65.9  52.3  378.2  0.0  0.0  0.0  0.0  0.0  0.0  49.9  20  
1112Ra218167.50e-09 18.688 0 99.8  12.4  201  1  65.8  52.3  378.3  0.0  0.0  0.0  0.0  0.0  0.0  49.7  20  
1111Ra218217.50e-09 13.788 0 100.1  12.4  201  1  65.9  52.4  378.3  0.0  0.0  0.0  0.0  0.0  0.0  49.7  20  
1112Ra218267.50e-09 8.788 0 99.8  12.5  201  1  65.9  52.4  378.4  0.0  0.0  0.0  0.0  0.0  0.0  49.9  20  
1110Ra218317.50e-09 3.688 0 100.0  12.4  201  1  65.9  52.4  378.2  0.0  0.0  0.0  0.0  0.0  0.0  49.8  20  
1111Sa21834Pump_to_5E-05_Torr_ 3 0 384 5 On 4.99e-05 0.001 5 1 0.0  0.0  0.0  0.0  0.0  20  
1095R 218357.50e-03 0.001 0 0.0  0.0  0.0  0.0  0.0  
1056R 218401.52e-04 0.001 0 0.0  0.0  0.0  0.0  0.0  
1056R 218456.30e-05 0.001 0 0.0  0.0  0.0  0.0  0.0  
1056R 218504.57e-05 0.001 0 0.0  0.0  0.0  0.0  0.0  
1056pa21850
1014Pa22742KL_O2_-_Resist_Descum_-_edited  Wafer_slot_1
1058Sa22742Pump_to_5E-05_Torr_ 1 0 384 5 On 6.99e-05 0.001 5 1 0.0  0.0  0.0  0.0  0.0  20  
1095R 227436.47e-05 0.001 0 0.0  0.0  0.0  0.0  0.0  
1056Sa22746descum_20s_ 2 30 257 5 Off Off 7.50e-09 Off 30 5 1 10.0  0.0  pressure 50.4  20  10  20  0.0  0.0  0.0      0  0.0  0.0  0.0  0.0  40.0  20  
1155Ra227476.58e-05 30 0 0.0  59.1  0  0  70.7  47.7  0.0  0.0  0.0  0.0  0.0  0.0  0.0  0.0  20  
1101Ra227527.50e-09 30 0 50.3  15.1  0  0  70.7  47.7  0.0  0.0  0.0  0.0  0.0  0.0  0.0  40.0  20  
1103Ra227577.50e-09 29.834 0 50.5  15.4  20  16  94.6  48.3  0.0  0.0  0.0  0.0  0.0  0.0  0.0  39.6  20  
1109Ra227627.50e-09 27.012 0 10.0  28.0  20  5  86.1  51.0  94.5  0.0  0.0  0.0  0.0  0.0  0.0  39.7  20  
1109Ra227677.50e-09 22.112 0 9.9  27.6  20  0  70.5  52.5  108.3  0.0  0.0  0.0  0.0  0.0  0.0  40.0  20  
1109Ra227727.50e-09 17.012 0 9.9  27.7  20  0  66.4  53.1  108.5  0.0  0.0  0.0  0.0  0.0  0.0  39.8  20  
1109Ra227777.50e-09 11.912 0 10.3  27.7  20  0  64.1  53.2  108.1  0.0  0.0  0.0  0.0  0.0  0.0  39.7  20  
1110Ra227827.50e-09 7.012 0 10.0  27.7  20  0  63.4  53.4  107.9  0.0  0.0  0.0  0.0  0.0  0.0  39.7  20  
1109Ra227877.50e-09 2.012 0 10.1  27.6  20  0  62.9  53.4  107.2  0.0  0.0  0.0  0.0  0.0  0.0  40.0  20  
1109Sa22789Pump_to_5E-05_Torr_ 3 0 384 5 On 6.99e-05 0.001 5 1 0.0  0.0  0.0  0.0  0.0  20  
1095R 227907.50e-03 0.001 0 0.0  0.0  0.0  0.0  0.0  
1056R 227951.38e-04 0.001 0 0.0  0.0  0.0  0.0  0.0  
1056R 228007.98e-05 0.001 0 0.0  0.0  0.0  0.0  0.0  
1056R 228056.88e-05 0.001 0 0.0  0.0  0.0  0.0  0.0  
1056pa22806
1014