0000D 010191 Log_Data_File 1561590000
1039C 0101946 Ignore_Tolerance scaO%s _ 1 263 0 0 Pump_To_Pressure scaO%s _ 2 415 0 0 Pump_Pressure %.2e%s _ 3 16799 1 415 Rf_Hold scaO%s _ 4 263 0 0 Step_Time %02d:%02d:%02d_%s _ 5 287 2 287 Log_Interval %02d:%02d:%02d%s _ 6 415 0 0 Pump_Time %02d:%02d:%02d_%s _ 7 415 3 287 Pressure %.1f_%s mTorr 8 263 4 263 Position %.1f_%s Deg 9 263 5 263 Position_Mode __%s _ 10 263 0 0 LPS_Strike_Pressure %.1f_%s mTorr 11 263 0 0 LPS_Dc_Bias %.f_%s volts 12 263 0 0 LPS_Ramp_Rate %.f_%s _ 13 263 0 0 HF_Power %.0f_%s W 14 263 6 263 HF_Reflected_Power %.0f_%s W 0 0 7 263 Lower_Magnitude %.1f_%s % 15 263 8 263 Lower_Phase %.1f_%s % 16 263 9 263 DC_Bias %.1f_%s V 0 0 10 263 Cap_Sel %u_%s _ 17 7 0 0 Helium_Pressure %.1f_%s Torr 18 287 11 263 Helium_Flow %.1f_%s _ 0 0 12 263 He_Leak_Mode %5u_%s _ 19 287 0 0 CHF3 %.1f_%s sccm 20 395 13 395 SF6 %.1f_%s sccm 21 395 14 395 CF4 %.1f_%s sccm 22 395 15 395 Ar %.1f_%s sccm 23 395 16 395 O2 %.1f_%s sccm 24 395 17 395 Gas_Line_Select %0.d%s _ 25 3 0 0 Gas_Name %0.f%s _ 26 3 0 0 Gas_Factor_asnumber %.3f_%s _ 27 3 0 0 Gas_Flow_asnumber %.3f_%s _ 28 3 0 0 Gas_Name %0.f%s _ 29 3 0 0 Gas_Factor_asnumber %.3f_%s _ 30 3 0 0 Gas_Flow_asnumber %.3f_%s _ 31 3 0 0 Gas_Name %0.f%s _ 32 3 0 0 Gas_Factor_asnumber %.3f_%s _ 33 3 0 0 Gas_Flow_asnumber %.3f_%s _ 34 3 0 0 Gas_Name %0.f%s _ 35 3 0 0 Gas_Factor_asnumber %.3f_%s _ 36 3 0 0 Gas_Flow_asnumber %.3f_%s _ 37 3 0 0 Gas_Name %0.f%s _ 38 3 0 0 Gas_Factor_asnumber %.3f_%s _ 39 3 0 0 Gas_Flow_asnumber %.3f_%s _ 40 3 0 0 CM_Gauge_Pressure %.1f_%s mTorr 0 0 18 280 Temp %.0f_%s C 41 391 0 0 Chiller_Temp %.0f_%s C 0 0 19 263 
2608Pa01019O2_-_Chamber_Clean_Short  Wafer_slot_1
1052Sa01019Pump_to_5E-05_Torr_ 1 0 384 5 On 4.99e-05 0.001 5 1 0.0  0.0  0.0  0.0  0.0  20  
1095R 010193.23e-06 0.001 0 0.0  0.0  0.0  0.0  0.0  
1056R 010242.86e-06 0.001 0 0.0  0.0  0.0  0.0  0.0  
1056Sa01025Chamber_Clean_ 2 120 257 5 Off Off 7.50e-09 Off 120 5 1 100.0  0.0  pressure 100.0  0  0  200  0.0  0.0  0.0      0  0.0  0.0  0.0  0.0  50.0  20  
1161Ra010262.73e-06 120 0 0.0  90.0  0  0  70.7  47.7  0.0  0.0  0.0  0.0  0.0  0.0  0.0  0.0  20  
1102Ra010317.50e-09 119.98 0 96.6  12.0  0  0  70.7  47.7  0.0  0.0  0.0  0.0  0.0  0.0  0.0  49.9  20  
1107Ra010367.50e-09 119.98 0 100.1  12.4  0  0  70.7  47.7  0.0  0.0  0.0  0.0  0.0  0.0  0.0  50.0  20  
1108Ra010417.50e-09 118.594 0 100.1  12.6  201  2  74.1  51.3  380.1  0.0  0.0  0.0  0.0  0.0  0.0  49.8  20  
1113Ra010467.50e-09 113.494 0 100.0  12.5  201  0  65.7  52.1  376.9  0.0  0.0  0.0  0.0  0.0  0.0  49.7  20  
1113Ra010517.50e-09 108.494 0 100.1  12.3  201  1  63.5  52.3  377.2  0.0  0.0  0.0  0.0  0.0  0.0  49.7  20  
1113Ra010567.50e-09 103.594 0 100.1  12.3  201  1  62.6  52.3  377.1  0.0  0.0  0.0  0.0  0.0  0.0  49.8  20  
1113Ra010617.50e-09 98.494 0 100.3  12.4  201  1  62.4  52.4  377.0  0.0  0.0  0.0  0.0  0.0  0.0  49.7  20  
1112Ra010667.50e-09 93.394 0 99.9  12.3  201  1  62.2  52.4  377.2  0.0  0.0  0.0  0.0  0.0  0.0  49.9  20  
1111Ra010717.50e-09 88.594 0 100.2  12.5  201  1  61.9  52.4  376.8  0.0  0.0  0.0  0.0  0.0  0.0  49.6  20  
1112Ra010767.50e-09 83.394 0 100.0  12.5  201  1  62.2  52.4  377.5  0.0  0.0  0.0  0.0  0.0  0.0  49.7  20  
1112Ra010817.50e-09 78.594 0 99.9  12.4  201  1  62.1  52.4  377.3  0.0  0.0  0.0  0.0  0.0  0.0  49.7  20  
1111Ra010867.50e-09 73.494 0 100.2  12.5  201  1  62.0  52.4  377.2  0.0  0.0  0.0  0.0  0.0  0.0  49.7  20  
1112Ra010917.50e-09 68.394 0 99.8  12.5  201  1  61.8  52.4  377.1  0.0  0.0  0.0  0.0  0.0  0.0  49.6  20  
1111Ra010967.50e-09 63.494 0 100.0  12.5  201  1  62.1  52.4  377.1  0.0  0.0  0.0  0.0  0.0  0.0  49.8  20  
1112Ra011017.50e-09 58.494 0 99.8  12.4  201  1  61.8  52.4  377.5  0.0  0.0  0.0  0.0  0.0  0.0  49.8  20  
1111Ra011067.50e-09 53.494 0 99.9  12.4  201  1  61.9  52.4  377.3  0.0  0.0  0.0  0.0  0.0  0.0  49.8  20  
1111Ra011117.50e-09 48.494 0 100.0  12.5  201  1  62.1  52.4  377.5  0.0  0.0  0.0  0.0  0.0  0.0  49.8  20  
1112Ra011167.50e-09 43.594 0 100.1  12.4  201  1  61.9  52.4  377.7  0.0  0.0  0.0  0.0  0.0  0.0  50.0  20  
1112Ra011217.50e-09 38.494 0 99.8  12.5  201  1  61.9  52.4  377.8  0.0  0.0  0.0  0.0  0.0  0.0  49.8  20  
1111Ra011267.50e-09 33.594 0 100.0  12.4  201  1  62.1  52.4  377.9  0.0  0.0  0.0  0.0  0.0  0.0  49.6  20  
1112Ra011317.50e-09 28.494 0 100.2  12.3  201  1  62.0  52.4  377.8  0.0  0.0  0.0  0.0  0.0  0.0  49.8  20  
1112Ra011367.50e-09 23.494 0 99.9  12.4  201  1  62.0  52.4  378.0  0.0  0.0  0.0  0.0  0.0  0.0  49.9  20  
1111Ra011417.50e-09 18.594 0 100.0  12.4  201  1  62.1  52.4  378.1  0.0  0.0  0.0  0.0  0.0  0.0  49.6  20  
1112Ra011467.50e-09 13.494 0 100.2  12.3  201  1  61.9  52.4  377.9  0.0  0.0  0.0  0.0  0.0  0.0  50.1  20  
1112Ra011517.50e-09 8.394 0 100.2  12.4  201  1  62.1  52.4  378.3  0.0  0.0  0.0  0.0  0.0  0.0  49.8  20  
1111Ra011567.50e-09 3.594 0 99.9  12.4  201  1  62.0  52.4  378.6  0.0  0.0  0.0  0.0  0.0  0.0  49.6  20  
1110Sa01159Pump_to_5E-05_Torr_ 3 0 384 5 On 4.99e-05 0.001 5 1 0.0  0.0  0.0  0.0  0.0  20  
1095R 011607.50e-03 0.001 0 0.0  0.0  0.0  0.0  0.0  
1056R 011651.22e-04 0.001 0 0.0  0.0  0.0  0.0  0.0  
1056R 011704.16e-05 0.001 0 0.0  0.0  0.0  0.0  0.0  
1056pa01171
1014Pa01991O2_-_Resist_Descum_-_edited 190627_LSOMA01_M2 Wafer_slot_1
1072Sa01991Pump_to_5E-05_Torr_ 1 0 384 5 On 4.99e-05 0.001 5 1 0.0  0.0  0.0  0.0  0.0  20  
1095R 019924.18e-05 0.001 0 0.0  0.0  0.0  0.0  0.0  
1056Sa01995descum_ 2 120 257 5 Off Off 7.50e-09 Off 120 5 1 10.0  0.0  pressure 50.4  20  10  20  0.0  0.0  0.0      0  0.0  0.0  0.0  0.0  40.0  20  
1153Ra019964.84e-05 120 0 0.0  3.5  0  0  70.7  47.7  0.0  0.0  0.0  0.0  0.0  0.0  0.0  0.0  20  
1101Ra020017.50e-09 120 0 50.0  15.2  0  0  70.7  47.7  0.0  0.0  0.0  0.0  0.0  0.0  0.0  39.8  20  
1104Ra020067.50e-09 119.834 0 50.5  15.3  20  16  76.8  48.7  0.0  0.0  0.0  0.0  0.0  0.0  0.0  39.8  20  
1110Ra020117.50e-09 116.866 0 50.2  15.0  20  10  87.9  51.8  0.0  0.0  0.0  0.0  0.0  0.0  0.0  39.7  20  
1110pa02021
1014Pa02032O2_-_Resist_Descum_-_edited 190627_LSOMA01_M2 Wafer_slot_1
1072Sa02032Pump_to_5E-05_Torr_ 1 0 384 5 On 4.99e-05 0.001 5 1 0.0  0.0  0.0  0.0  0.0  20  
1095R 020334.48e-05 0.001 0 0.0  0.0  0.0  0.0  0.0  
1056Sa02036descum_ 2 120 257 5 Off Off 7.50e-09 Off 120 5 1 10.0  0.0  pressure 100.0  20  10  20  0.0  0.0  0.0      0  0.0  0.0  0.0  0.0  40.0  20  
1154Ra020375.36e-05 120 0 0.0  6.8  0  0  70.7  47.7  0.0  0.0  0.0  0.0  0.0  0.0  0.0  0.0  20  
1101Ra020427.50e-09 120 0 89.6  6.5  0  0  70.7  47.7  0.0  0.0  0.0  0.0  0.0  0.0  0.0  39.8  20  
1103Ra020477.50e-09 119.834 0 99.9  11.3  20  17  70.1  47.7  0.0  0.0  0.0  0.0  0.0  0.0  0.0  39.6  20  
1110Ra020527.50e-09 119.834 0 100.3  11.2  20  17  48.1  51.7  0.0  0.0  0.0  0.0  0.0  0.0  0.0  39.7  20  
1111Ra020577.50e-09 116.49 0 9.9  28.2  20  0  60.0  53.9  116.8  0.0  0.0  0.0  0.0  0.0  0.0  39.8  20  
1109Ra020627.50e-09 111.59 0 10.1  27.9  20  0  60.6  53.5  116.5  0.0  0.0  0.0  0.0  0.0  0.0  39.8  20  
1110Ra020677.50e-09 106.49 0 10.0  27.4  20  0  61.0  53.4  116.2  0.0  0.0  0.0  0.0  0.0  0.0  40.0  20  
1110Ra020727.50e-09 101.49 0 10.0  27.5  20  0  60.7  53.4  116.1  0.0  0.0  0.0  0.0  0.0  0.0  39.8  20  
1110Ra020777.50e-09 96.49 0 10.1  27.4  20  0  61.3  53.4  115.9  0.0  0.0  0.0  0.0  0.0  0.0  39.8  20  
1109Ra020827.50e-09 91.59 0 10.0  27.4  20  0  61.5  53.4  115.8  0.0  0.0  0.0  0.0  0.0  0.0  39.6  20  
1109Ra020877.50e-09 86.49 0 10.1  27.7  20  0  61.7  53.3  115.6  0.0  0.0  0.0  0.0  0.0  0.0  39.8  20  
1109Ra020927.50e-09 81.49 0 9.9  27.5  20  0  61.9  53.3  115.5  0.0  0.0  0.0  0.0  0.0  0.0  39.8  20  
1108Ra020977.50e-09 76.59 0 10.0  27.4  20  0  61.7  53.2  115.5  0.0  0.0  0.0  0.0  0.0  0.0  40.0  20  
1109Ra021027.50e-09 71.49 0 10.2  27.3  20  0  61.7  53.3  115.4  0.0  0.0  0.0  0.0  0.0  0.0  40.0  20  
1109Ra021077.50e-09 66.49 0 10.0  27.3  20  0  61.5  53.3  115.4  0.0  0.0  0.0  0.0  0.0  0.0  39.9  20  
1109Ra021127.50e-09 61.39 0 10.0  27.3  20  0  61.5  53.3  115.2  0.0  0.0  0.0  0.0  0.0  0.0  39.8  20  
1109Ra021177.50e-09 56.49 0 10.4  27.5  20  0  61.3  53.3  115.1  0.0  0.0  0.0  0.0  0.0  0.0  39.8  20  
1109Ra021227.50e-09 51.49 0 10.0  27.3  20  0  61.5  53.4  115.0  0.0  0.0  0.0  0.0  0.0  0.0  40.0  20  
1109Ra021277.50e-09 46.59 0 10.1  27.5  20  0  61.0  53.4  114.7  0.0  0.0  0.0  0.0  0.0  0.0  40.0  20  
1109Ra021327.50e-09 41.49 0 10.1  27.2  20  0  61.2  53.4  114.7  0.0  0.0  0.0  0.0  0.0  0.0  39.9  20  
1109Ra021377.50e-09 36.49 0 10.1  27.3  20  0  60.6  53.5  114.5  0.0  0.0  0.0  0.0  0.0  0.0  39.9  20  
1109Ra021427.50e-09 31.59 0 10.1  27.5  20  0  60.8  53.5  114.4  0.0  0.0  0.0  0.0  0.0  0.0  39.7  20  
1109Ra021477.50e-09 26.49 0 10.2  27.5  20  0  60.9  53.5  114.4  0.0  0.0  0.0  0.0  0.0  0.0  40.0  20  
1109Ra021527.50e-09 21.59 0 9.9  27.2  20  0  60.7  53.5  114.3  0.0  0.0  0.0  0.0  0.0  0.0  39.9  20  
1108Ra021577.50e-09 16.49 0 10.0  27.3  20  0  60.4  53.5  113.9  0.0  0.0  0.0  0.0  0.0  0.0  40.0  20  
1109Ra021627.50e-09 11.59 0 10.1  27.4  20  0  60.7  53.5  114.1  0.0  0.0  0.0  0.0  0.0  0.0  39.8  20  
1109Ra021677.50e-09 6.49 0 9.9  27.3  20  0  60.6  53.4  114.3  0.0  0.0  0.0  0.0  0.0  0.0  39.8  20  
1107Ra021727.50e-09 1.59 0 10.0  27.6  20  0  60.6  53.5  114.1  0.0  0.0  0.0  0.0  0.0  0.0  39.5  20  
1108Sa02173Pump_to_5E-05_Torr_ 3 0 384 5 On 4.99e-05 0.001 5 1 0.0  0.0  0.0  0.0  0.0  20  
1095R 021747.50e-03 0.001 0 0.0  0.0  0.0  0.0  0.0  
1056R 021791.19e-04 0.001 0 0.0  0.0  0.0  0.0  0.0  
1056R 021845.36e-05 0.001 0 0.0  0.0  0.0  0.0  0.0  
1056pa02187
1014Pa29726O2_-_Chamber_Clean_Short <No_Wafer> 
1050Sa29726Pump_to_5E-05_Torr_ 1 0 384 5 On 4.99e-05 0.001 5 1 0.0  0.0  0.0  0.0  0.0  20  
1095R 297267.50e-09 0.001 0 0.0  0.0  0.0  0.0  0.0  
1056R 297311.40e-06 0.001 0 0.0  0.0  0.0  0.0  0.0  
1056Sa29733Chamber_Clean_ 2 120 257 5 Off Off 7.50e-09 Off 120 5 1 100.0  0.0  pressure 100.0  0  0  200  0.0  0.0  0.0      0  0.0  0.0  0.0  0.0  50.0  20  
1161Ra297341.41e-06 120 0 0.0  90.0  0  0  70.7  47.7  0.0  0.0  0.0  0.0  0.0  0.0  0.0  0.0  20  
1102Ra297397.50e-09 120 0 99.2  12.2  0  0  70.7  47.7  0.0  0.0  0.0  0.0  0.0  0.0  0.0  49.9  20  
1104Ra297447.50e-09 119.936 0 99.8  12.1  125  98  69.4  47.7  78.1  0.0  0.0  0.0  0.0  0.0  0.0  49.3  20  
1112Ra297497.50e-09 118.034 0 99.8  12.5  201  1  72.9  51.4  378.9  0.0  0.0  0.0  0.0  0.0  0.0  49.9  20  
1112Ra297547.50e-09 113.034 0 100.1  12.5  201  0  64.9  52.2  377.4  0.0  0.0  0.0  0.0  0.0  0.0  49.7  20  
1113Ra297597.50e-09 108.134 0 100.1  12.5  201  1  62.8  52.4  377.3  0.0  0.0  0.0  0.0  0.0  0.0  49.7  20  
1113Ra297647.50e-09 103.034 0 100.2  12.4  201  1  62.2  52.4  377.1  0.0  0.0  0.0  0.0  0.0  0.0  49.7  20  
1113Ra297697.50e-09 98.134 0 99.9  12.6  201  1  61.8  52.5  377.0  0.0  0.0  0.0  0.0  0.0  0.0  49.7  20  
1111Ra297747.50e-09 93.134 0 100.0  12.6  201  1  61.8  52.4  377.2  0.0  0.0  0.0  0.0  0.0  0.0  50.1  20  
1112Ra297797.50e-09 88.134 0 100.2  12.6  201  1  61.8  52.5  377.1  0.0  0.0  0.0  0.0  0.0  0.0  49.8  20  
1112Ra297847.50e-09 83.134 0 100.0  12.4  201  1  61.6  52.5  377.5  0.0  0.0  0.0  0.0  0.0  0.0  49.7  20  
1112Ra297897.50e-09 78.034 0 99.9  12.5  201  1  61.6  52.5  377.5  0.0  0.0  0.0  0.0  0.0  0.0  49.8  20  
1111Ra297947.50e-09 73.134 0 100.0  12.4  201  1  61.5  52.5  377.1  0.0  0.0  0.0  0.0  0.0  0.0  49.6  20  
1112Ra297997.50e-09 68.034 0 100.0  12.5  201  1  61.6  52.5  377.5  0.0  0.0  0.0  0.0  0.0  0.0  49.6  20  
1112Ra298047.50e-09 63.034 0 100.3  12.5  201  1  61.7  52.5  377.2  0.0  0.0  0.0  0.0  0.0  0.0  49.7  20  
1112Ra298097.50e-09 58.134 0 99.9  12.4  201  1  61.5  52.5  377.5  0.0  0.0  0.0  0.0  0.0  0.0  49.8  20  
1111Ra298147.50e-09 53.034 0 100.2  12.6  201  1  61.8  52.5  377.7  0.0  0.0  0.0  0.0  0.0  0.0  49.9  20  
1112Ra298197.50e-09 48.134 0 99.9  12.5  201  1  61.7  52.5  377.6  0.0  0.0  0.0  0.0  0.0  0.0  49.9  20  
1111Ra298247.50e-09 43.034 0 99.8  12.6  201  1  61.6  52.5  377.7  0.0  0.0  0.0  0.0  0.0  0.0  49.8  20  
1111Ra298297.50e-09 38.034 0 99.9  12.5  201  1  61.5  52.5  377.7  0.0  0.0  0.0  0.0  0.0  0.0  49.8  20  
1111Ra298347.50e-09 33.034 0 100.2  12.4  201  1  61.7  52.5  378.0  0.0  0.0  0.0  0.0  0.0  0.0  49.9  20  
1112Ra298397.50e-09 28.034 0 100.0  12.3  201  1  61.6  52.5  377.8  0.0  0.0  0.0  0.0  0.0  0.0  50.0  20  
1112Ra298447.50e-09 23.134 0 100.0  12.5  201  1  61.5  52.5  377.9  0.0  0.0  0.0  0.0  0.0  0.0  49.6  20  
1112Ra298497.50e-09 18.034 0 100.1  12.5  201  1  61.6  52.5  378.1  0.0  0.0  0.0  0.0  0.0  0.0  50.0  20  
1112Ra298547.50e-09 13.134 0 100.0  12.5  201  1  61.4  52.5  377.8  0.0  0.0  0.0  0.0  0.0  0.0  49.7  20  
1112Ra298597.50e-09 8.034 0 100.0  12.4  201  1  61.5  52.5  377.6  0.0  0.0  0.0  0.0  0.0  0.0  50.1  20  
1111Ra298647.50e-09 3.034 0 100.0  12.3  201  1  61.4  52.5  377.9  0.0  0.0  0.0  0.0  0.0  0.0  49.5  20  
1111Sa29867Pump_to_5E-05_Torr_ 3 0 384 5 On 4.99e-05 0.001 5 1 0.0  0.0  0.0  0.0  0.0  20  
1095R 298687.50e-03 0.001 0 0.0  0.0  0.0  0.0  0.0  
1056R 298739.53e-05 0.001 0 0.0  0.0  0.0  0.0  0.0  
1056R 298783.81e-05 0.001 0 0.0  0.0  0.0  0.0  0.0  
1056pa29878
1014Pa30147zDGG_hBN_3x30s_wO2_-_edited ragnboom Wafer_slot_1
1063Sa30147Pump_down_to_5e-5_ 1 0 384 5 On 4.99e-05 0.001 5 1 0.0  0.0  0.0  0.0  0.0  20  
1094R 301477.50e-03 0.001 0 0.0  0.0  0.0  0.0  0.0  
1056R 301527.50e-03 0.001 0 0.0  0.0  0.0  0.0  0.0  
1056R 301577.50e-03 0.001 0 0.0  0.0  0.0  0.0  0.0  
1056R 301627.50e-03 0.001 0 0.0  0.0  0.0  0.0  0.0  
1056R 301677.50e-03 0.001 0 0.0  0.0  0.0  0.0  0.0  
1056R 301723.32e-04 0.001 0 0.0  0.0  0.0  0.0  0.0  
1056R 301772.13e-04 0.001 0 0.0  0.0  0.0  0.0  0.0  
1056R 301821.80e-04 0.001 0 0.0  0.0  0.0  0.0  0.0  
1056R 301871.55e-04 0.001 0 0.0  0.0  0.0  0.0  0.0  
1056R 301921.34e-04 0.001 0 0.0  0.0  0.0  0.0  0.0  
1056R 301971.22e-04 0.001 0 0.0  0.0  0.0  0.0  0.0  
1056R 302021.10e-04 0.001 0 0.0  0.0  0.0  0.0  0.0  
1056R 302079.85e-05 0.001 0 0.0  0.0  0.0  0.0  0.0  
1056R 302128.89e-05 0.001 0 0.0  0.0  0.0  0.0  0.0  
1056R 302178.09e-05 0.001 0 0.0  0.0  0.0  0.0  0.0  
1056R 302227.67e-05 0.001 0 0.0  0.0  0.0  0.0  0.0  
1056R 302277.32e-05 0.001 0 0.0  0.0  0.0  0.0  0.0  
1056R 302326.96e-05 0.001 0 0.0  0.0  0.0  0.0  0.0  
1056R 302376.58e-05 0.001 0 0.0  0.0  0.0  0.0  0.0  
1056R 302426.22e-05 0.001 0 0.0  0.0  0.0  0.0  0.0  
1056R 302475.91e-05 0.001 0 0.0  0.0  0.0  0.0  0.0  
1056R 302525.70e-05 0.001 0 0.0  0.0  0.0  0.0  0.0  
1056R 302575.48e-05 0.001 0 0.0  0.0  0.0  0.0  0.0  
1056R 302625.29e-05 0.001 0 0.0  0.0  0.0  0.0  0.0  
1056R 302675.10e-05 0.001 0 0.0  0.0  0.0  0.0  0.0  
1056Sa30271O2_descum_ 2 30 257 5 Off Off 7.50e-09 Off 30 5 1 10.0  0.0  pressure 100.0  20  10  20  0.0  0.0  0.0      0  0.0  0.0  0.0  0.0  40.0  20  
1155Ra302714.89e-05 30 0 0.0  90.0  0  0  70.7  47.7  0.0  0.0  0.0  0.0  0.0  0.0  0.0  0.0  20  
1101Ra302767.50e-09 30 0 45.5  0.0  0  0  70.7  47.7  0.0  0.0  0.0  0.0  0.0  0.0  0.0  39.8  20  
1102Ra302817.50e-09 30 0 99.9  11.5  0  0  70.7  47.7  0.0  0.0  0.0  0.0  0.0  0.0  0.0  39.8  20  
1103Ra302867.50e-09 29.834 0 100.1  11.3  20  15  71.3  51.5  0.0  0.0  0.0  0.0  0.0  0.0  0.0  39.9  20  
1110Ra302917.50e-09 24.972 0 9.9  28.2  20  0  67.5  52.7  117.2  0.0  0.0  0.0  0.0  0.0  0.0  39.7  20  
1109Ra302967.50e-09 19.872 0 10.0  28.1  20  0  64.8  53.1  116.6  0.0  0.0  0.0  0.0  0.0  0.0  39.6  20  
1110Ra303017.50e-09 14.772 0 10.2  27.6  20  0  63.1  53.2  116.7  0.0  0.0  0.0  0.0  0.0  0.0  39.7  20  
1110Ra303067.50e-09 9.972 0 9.6  27.5  20  0  62.6  53.3  115.9  0.0  0.0  0.0  0.0  0.0  0.0  39.7  20  
1108Ra303117.50e-09 4.872 0 9.8  27.8  20  0  62.4  53.3  115.8  0.0  0.0  0.0  0.0  0.0  0.0  39.6  20  
1108Sa30315Pump_down_5e-5_ 3 0 384 5 On 4.99e-05 0.001 5 1 0.0  0.0  0.0  0.0  0.0  20  
1091R 303167.50e-03 0.001 0 0.0  0.0  0.0  0.0  0.0  
1056R 303211.43e-04 0.001 0 0.0  0.0  0.0  0.0  0.0  
1056R 303266.47e-05 0.001 0 0.0  0.0  0.0  0.0  0.0  
1056R 303314.89e-05 0.001 0 0.0  0.0  0.0  0.0  0.0  
1056Sa30332hBN_etch_ 4 900 257 5 Off Off 7.50e-09 Off 900 5 1 150.0  0.0  pressure 0.0  0  0  50  0.0  0.0  0.0      0  50.0  0.0  0.0  0.0  5.0  20  
1153Ra303334.50e-05 900 0 0.0  90.0  0  0  70.7  47.7  0.0  0.0  0.0  0.0  0.0  0.0  0.0  0.0  20  
1102Ra303387.50e-09 900 0 150.0  12.3  0  0  70.7  47.7  0.0  0.0  0.0  49.7  0.0  0.0  0.0  4.7  20  
1105Ra303437.50e-09 899.046 0 149.7  12.4  50  4  83.0  50.2  119.8  0.0  0.0  50.0  0.0  0.0  0.0  4.7  20  
1112Ra303487.50e-09 894.146 0 150.2  12.0  50  1  65.9  51.7  125.5  0.0  0.0  49.8  0.0  0.0  0.0  4.7  20  
1112Ra303537.50e-09 889.046 0 149.9  12.2  50  0  55.9  52.9  127.0  0.0  0.0  50.2  0.0  0.0  0.0  4.9  20  
1112Ra303587.50e-09 884.146 0 150.1  12.3  50  0  53.2  53.4  127.2  0.0  0.0  49.6  0.0  0.0  0.0  4.7  20  
1112Ra303637.50e-09 879.046 0 150.0  12.3  50  0  51.8  53.5  127.0  0.0  0.0  50.6  0.0  0.0  0.0  4.9  20  
1112Ra303687.50e-09 873.946 0 150.0  12.3  50  0  50.8  53.6  126.6  0.0  0.0  49.2  0.0  0.0  0.0  4.8  20  
1112Ra303737.50e-09 869.046 0 150.0  12.4  50  0  51.1  53.6  126.6  0.0  0.0  50.0  0.0  0.0  0.0  4.8  20  
1112Ra303787.50e-09 863.946 0 150.0  12.2  50  0  51.3  53.6  126.5  0.0  0.0  50.0  0.0  0.0  0.0  4.9  20  
1112Ra303837.50e-09 859.146 0 149.9  12.2  50  0  51.2  53.6  126.6  0.0  0.0  49.4  0.0  0.0  0.0  4.6  20  
1112Ra303887.50e-09 854.046 0 149.9  12.3  50  0  51.0  53.6  126.5  0.0  0.0  49.6  0.0  0.0  0.0  4.6  20  
1112Ra303937.50e-09 849.146 0 150.0  12.2  50  0  51.1  53.6  126.5  0.0  0.0  49.9  0.0  0.0  0.0  4.8  20  
1112Ra303987.50e-09 844.046 0 150.2  12.4  50  0  50.3  53.6  126.5  0.0  0.0  49.8  0.0  0.0  0.0  4.8  20  
1112Ra304037.50e-09 839.046 0 149.8  12.3  50  0  50.3  53.6  126.5  0.0  0.0  49.7  0.0  0.0  0.0  4.8  20  
1112Ra304087.50e-09 834.046 0 150.2  12.2  50  0  50.7  53.6  126.4  0.0  0.0  50.2  0.0  0.0  0.0  4.9  20  
1112Ra304137.50e-09 828.946 0 149.8  12.2  50  0  50.8  53.6  126.4  0.0  0.0  50.1  0.0  0.0  0.0  4.8  20  
1112Ra304187.50e-09 824.046 0 150.0  12.3  50  0  50.5  53.6  126.6  0.0  0.0  49.6  0.0  0.0  0.0  4.8  20  
1112Ra304237.50e-09 818.946 0 150.1  12.2  50  0  50.4  53.7  126.4  0.0  0.0  49.7  0.0  0.0  0.0  4.8  20  
1112Ra304287.50e-09 814.146 0 149.8  12.3  50  0  50.6  53.7  126.5  0.0  0.0  49.5  0.0  0.0  0.0  4.8  20  
1112Ra304337.50e-09 809.046 0 150.0  12.3  50  0  50.6  53.7  126.5  0.0  0.0  49.8  0.0  0.0  0.0  4.9  20  
1112Ra304387.50e-09 804.146 0 150.0  12.3  50  0  50.5  53.6  126.3  0.0  0.0  50.2  0.0  0.0  0.0  4.8  20  
1112Ra304437.50e-09 799.046 0 150.0  12.4  50  0  50.5  53.6  126.5  0.0  0.0  49.2  0.0  0.0  0.0  4.6  20  
1112Ra304487.50e-09 794.046 0 149.8  12.3  50  0  50.4  53.6  126.4  0.0  0.0  50.1  0.0  0.0  0.0  4.8  20  
1112Ra304537.50e-09 789.046 0 149.9  12.2  50  0  50.8  53.6  126.6  0.0  0.0  49.8  0.0  0.0  0.0  4.8  20  
1112Ra304587.50e-09 784.046 0 150.1  12.2  50  0  50.6  53.6  126.5  0.0  0.0  49.7  0.0  0.0  0.0  4.9  20  
1112Ra304637.50e-09 779.146 0 149.9  12.2  50  0  50.9  53.6  126.5  0.0  0.0  49.6  0.0  0.0  0.0  4.8  20  
1112Ra304687.50e-09 774.046 0 150.1  12.3  50  0  50.7  53.6  126.5  0.0  0.0  50.0  0.0  0.0  0.0  4.7  20  
1112Ra304737.50e-09 768.946 0 150.1  12.2  50  0  50.8  53.6  126.4  0.0  0.0  50.0  0.0  0.0  0.0  4.9  20  
1112Ra304787.50e-09 764.146 0 150.1  12.3  50  0  50.7  53.6  126.6  0.0  0.0  50.0  0.0  0.0  0.0  4.8  20  
1112Ra304837.50e-09 759.046 0 150.0  12.2  50  0  50.6  53.6  126.6  0.0  0.0  49.7  0.0  0.0  0.0  4.7  20  
1112Ra304887.50e-09 753.946 0 150.1  12.3  50  0  50.7  53.6  126.6  0.0  0.0  49.5  0.0  0.0  0.0  4.9  20  
1112Ra304937.50e-09 749.146 0 149.8  12.2  50  0  50.7  53.6  126.6  0.0  0.0  49.5  0.0  0.0  0.0  4.8  20  
1112Ra304987.50e-09 744.046 0 150.1  12.2  50  0  50.2  53.6  126.6  0.0  0.0  49.8  0.0  0.0  0.0  4.8  20  
1112Ra305037.50e-09 739.146 0 150.1  12.3  50  0  50.9  53.6  126.5  0.0  0.0  50.4  0.0  0.0  0.0  4.9  20  
1112Ra305087.50e-09 734.046 0 150.1  12.2  50  0  50.6  53.6  126.7  0.0  0.0  49.8  0.0  0.0  0.0  4.7  20  
1112Ra305137.50e-09 729.146 0 150.0  12.3  50  0  51.0  53.6  126.8  0.0  0.0  49.7  0.0  0.0  0.0  4.9  20  
1112Ra305187.50e-09 724.046 0 149.7  12.3  50  0  50.5  53.6  126.6  0.0  0.0  49.7  0.0  0.0  0.0  4.8  20  
1112Ra305237.50e-09 718.946 0 150.1  12.2  50  0  51.0  53.6  126.5  0.0  0.0  50.2  0.0  0.0  0.0  4.8  20  
1112Ra305287.50e-09 714.046 0 150.3  12.3  50  0  51.0  53.6  126.5  0.0  0.0  50.3  0.0  0.0  0.0  4.9  20  
1112Ra305337.50e-09 709.046 0 149.9  12.2  50  0  50.7  53.6  126.8  0.0  0.0  49.1  0.0  0.0  0.0  4.7  20  
1112Ra305387.50e-09 704.146 0 149.9  12.3  50  0  50.9  53.6  126.7  0.0  0.0  49.9  0.0  0.0  0.0  4.8  20  
1112Ra305437.50e-09 699.046 0 149.7  12.3  50  0  50.7  53.6  126.7  0.0  0.0  49.8  0.0  0.0  0.0  4.7  20  
1112Ra305487.50e-09 694.146 0 149.9  12.2  50  0  50.7  53.6  126.8  0.0  0.0  49.4  0.0  0.0  0.0  4.7  20  
1112Ra305537.50e-09 689.046 0 149.9  12.2  50  0  51.1  53.6  126.7  0.0  0.0  50.3  0.0  0.0  0.0  4.9  20  
1112Ra305587.50e-09 684.046 0 149.9  12.3  50  0  51.0  53.6  126.6  0.0  0.0  49.9  0.0  0.0  0.0  4.8  20  
1112Ra305637.50e-09 679.146 0 150.0  12.3  50  0  50.8  53.5  126.7  0.0  0.0  49.8  0.0  0.0  0.0  4.8  20  
1112Ra305687.50e-09 674.046 0 149.9  12.3  50  0  50.6  53.5  126.7  0.0  0.0  49.1  0.0  0.0  0.0  4.5  20  
1112Ra305737.50e-09 668.946 0 150.1  12.2  50  0  50.8  53.6  126.7  0.0  0.0  49.3  0.0  0.0  0.0  4.7  20  
1112Ra305787.50e-09 664.146 0 150.0  12.4  50  0  50.9  53.6  126.7  0.0  0.0  50.3  0.0  0.0  0.0  4.9  20  
1112Ra305837.50e-09 659.046 0 150.0  12.3  50  0  50.9  53.6  126.7  0.0  0.0  49.7  0.0  0.0  0.0  4.8  20  
1112Ra305887.50e-09 654.146 0 150.1  12.3  50  0  50.5  53.6  126.8  0.0  0.0  49.8  0.0  0.0  0.0  4.7  20  
1112Ra305937.50e-09 649.046 0 150.1  12.2  50  0  50.6  53.6  126.7  0.0  0.0  49.4  0.0  0.0  0.0  4.6  20  
1112Ra305987.50e-09 643.946 0 150.0  12.3  50  0  51.0  53.6  126.8  0.0  0.0  49.5  0.0  0.0  0.0  4.6  20  
1112Ra306037.50e-09 639.146 0 150.1  12.3  50  0  51.1  53.6  126.8  0.0  0.0  49.6  0.0  0.0  0.0  4.7  20  
1112Ra306087.50e-09 634.046 0 150.1  12.3  50  0  50.8  53.6  126.7  0.0  0.0  50.3  0.0  0.0  0.0  4.9  20  
1112Ra306137.50e-09 628.946 0 150.1  12.3  50  0  50.7  53.6  126.8  0.0  0.0  49.9  0.0  0.0  0.0  4.9  20  
1112Ra306187.50e-09 624.046 0 149.9  12.3  50  0  50.8  53.6  126.8  0.0  0.0  50.1  0.0  0.0  0.0  5.0  20  
1112Ra306237.50e-09 619.046 0 149.9  12.2  50  0  50.7  53.6  126.8  0.0  0.0  49.6  0.0  0.0  0.0  4.8  20  
1112Ra306287.50e-09 613.946 0 149.9  12.2  50  0  50.4  53.6  126.7  0.0  0.0  49.5  0.0  0.0  0.0  4.7  20  
1112Ra306337.50e-09 609.046 0 150.0  12.3  50  0  50.4  53.6  126.8  0.0  0.0  49.9  0.0  0.0  0.0  4.9  20  
1112Ra306387.50e-09 603.946 0 150.1  12.3  50  0  50.6  53.6  126.9  0.0  0.0  49.8  0.0  0.0  0.0  4.8  20  
1112Ra306437.50e-09 599.146 0 149.8  12.3  50  0  50.5  53.6  126.7  0.0  0.0  49.2  0.0  0.0  0.0  4.5  20  
1112Ra306487.50e-09 594.046 0 150.0  12.3  50  0  50.9  53.6  126.9  0.0  0.0  49.8  0.0  0.0  0.0  4.8  20  
1112Ra306537.50e-09 588.946 0 150.0  12.3  50  0  51.1  53.6  126.7  0.0  0.0  49.5  0.0  0.0  0.0  4.8  20  
1112Ra306587.50e-09 584.046 0 149.9  12.2  50  0  51.4  53.6  126.7  0.0  0.0  50.4  0.0  0.0  0.0  5.1  20  
1112Ra306637.50e-09 578.946 0 149.9  12.2  50  0  51.0  53.5  126.7  0.0  0.0  50.0  0.0  0.0  0.0  4.8  20  
1112Ra306687.50e-09 574.046 0 149.8  12.3  50  0  50.6  53.5  126.9  0.0  0.0  49.3  0.0  0.0  0.0  4.5  20  
1112Ra306737.50e-09 569.046 0 149.8  12.3  50  0  50.8  53.6  127.0  0.0  0.0  49.7  0.0  0.0  0.0  4.7  20  
1112Ra306787.50e-09 563.946 0 149.8  12.3  50  0  51.1  53.6  126.9  0.0  0.0  49.4  0.0  0.0  0.0  4.5  20  
1112Ra306837.50e-09 559.046 0 150.1  12.3  50  0  50.8  53.5  126.9  0.0  0.0  49.9  0.0  0.0  0.0  4.7  20  
1112Ra306887.50e-09 554.046 0 150.1  12.3  50  0  50.9  53.6  126.8  0.0  0.0  49.8  0.0  0.0  0.0  4.7  20  
1112Ra306937.50e-09 549.146 0 150.1  12.3  50  0  50.9  53.6  126.9  0.0  0.0  49.4  0.0  0.0  0.0  4.6  20  
1112Ra306987.50e-09 544.046 0 150.2  12.3  50  0  50.7  53.6  127.0  0.0  0.0  49.7  0.0  0.0  0.0  4.7  20  
1112Ra307037.50e-09 538.946 0 150.1  12.2  50  0  50.6  53.6  126.9  0.0  0.0  49.7  0.0  0.0  0.0  4.7  20  
1112Ra307087.50e-09 534.046 0 150.1  12.3  50  0  50.9  53.6  126.7  0.0  0.0  49.8  0.0  0.0  0.0  4.9  20  
1112Ra307137.50e-09 528.946 0 149.9  12.3  50  0  50.6  53.6  126.7  0.0  0.0  50.0  0.0  0.0  0.0  4.9  20  
1112Ra307187.50e-09 524.146 0 150.1  12.3  50  0  51.1  53.6  126.9  0.0  0.0  49.6  0.0  0.0  0.0  4.6  20  
1112Ra307237.50e-09 519.046 0 150.2  12.3  50  0  50.7  53.6  126.8  0.0  0.0  49.7  0.0  0.0  0.0  4.7  20  
1112Ra307287.50e-09 513.946 0 150.0  12.3  50  0  50.3  53.6  126.7  0.0  0.0  49.6  0.0  0.0  0.0  4.6  20  
1112Ra307337.50e-09 509.046 0 149.8  12.3  50  0  50.3  53.6  126.9  0.0  0.0  49.7  0.0  0.0  0.0  4.7  20  
1112Ra307387.50e-09 504.046 0 149.8  12.3  50  0  50.5  53.7  126.9  0.0  0.0  49.7  0.0  0.0  0.0  4.7  20  
1112Ra307437.50e-09 498.946 0 150.1  12.3  50  0  50.7  53.6  126.8  0.0  0.0  49.3  0.0  0.0  0.0  4.6  20  
1112Ra307487.50e-09 494.046 0 150.1  12.3  50  0  50.6  53.6  126.8  0.0  0.0  49.4  0.0  0.0  0.0  4.7  20  
1112Ra307537.50e-09 489.046 0 150.1  12.3  50  0  50.5  53.6  126.9  0.0  0.0  50.0  0.0  0.0  0.0  4.9  20  
1112Ra307587.50e-09 483.946 0 149.9  12.3  50  0  50.6  53.7  126.9  0.0  0.0  50.2  0.0  0.0  0.0  4.8  20  
1112Ra307637.50e-09 479.046 0 150.0  12.3  50  0  50.1  53.7  126.8  0.0  0.0  49.4  0.0  0.0  0.0  4.8  20  
1112Ra307687.50e-09 473.946 0 150.1  12.2  50  0  50.4  53.7  126.8  0.0  0.0  50.0  0.0  0.0  0.0  5.0  20  
1112Ra307737.50e-09 469.146 0 149.8  12.2  50  0  50.6  53.7  126.8  0.0  0.0  49.6  0.0  0.0  0.0  4.8  20  
1112Ra307787.50e-09 464.046 0 149.9  12.2  50  0  50.6  53.6  126.9  0.0  0.0  49.6  0.0  0.0  0.0  4.9  20  
1112Ra307837.50e-09 458.946 0 150.0  12.4  50  0  50.8  53.6  126.8  0.0  0.0  50.0  0.0  0.0  0.0  4.8  20  
1112Ra307887.50e-09 454.046 0 150.0  12.3  50  0  50.9  53.5  126.9  0.0  0.0  49.8  0.0  0.0  0.0  4.9  20  
1112Ra307937.50e-09 449.046 0 150.1  12.3  50  0  50.4  53.5  126.7  0.0  0.0  49.8  0.0  0.0  0.0  4.8  20  
1112Ra307987.50e-09 443.946 0 150.2  12.2  50  0  50.6  53.6  126.7  0.0  0.0  49.7  0.0  0.0  0.0  4.7  20  
1112Ra308037.50e-09 439.046 0 150.0  12.3  50  0  50.8  53.6  126.9  0.0  0.0  49.1  0.0  0.0  0.0  4.6  20  
1112Ra308087.50e-09 434.046 0 150.1  12.3  50  0  50.8  53.6  126.9  0.0  0.0  49.5  0.0  0.0  0.0  4.5  20  
1112Ra308137.50e-09 428.946 0 150.0  12.2  50  0  50.8  53.6  126.8  0.0  0.0  49.7  0.0  0.0  0.0  4.8  20  
1112Ra308187.50e-09 424.046 0 150.0  12.2  50  0  50.8  53.6  127.0  0.0  0.0  49.6  0.0  0.0  0.0  4.6  20  
1112Ra308237.50e-09 418.946 0 150.1  12.3  50  0  50.3  53.6  127.0  0.0  0.0  49.2  0.0  0.0  0.0  4.7  20  
1112Ra308287.50e-09 414.046 0 150.0  12.3  50  0  51.0  53.6  126.8  0.0  0.0  50.1  0.0  0.0  0.0  4.8  20  
1112Ra308337.50e-09 408.946 0 149.9  12.2  50  0  50.4  53.6  127.0  0.0  0.0  50.0  0.0  0.0  0.0  4.8  20  
1112Ra308387.50e-09 403.946 0 149.7  12.3  50  0  50.8  53.6  126.9  0.0  0.0  50.3  0.0  0.0  0.0  5.0  20  
1112Ra308437.50e-09 399.046 0 150.0  12.3  50  0  51.0  53.6  126.9  0.0  0.0  49.9  0.0  0.0  0.0  4.8  20  
1112Ra308487.50e-09 393.946 0 150.0  12.2  50  0  50.5  53.6  127.0  0.0  0.0  49.7  0.0  0.0  0.0  4.7  20  
1112Ra308537.50e-09 389.046 0 149.9  12.3  50  0  50.8  53.6  126.9  0.0  0.0  49.7  0.0  0.0  0.0  4.7  20  
1112Ra308587.50e-09 383.946 0 150.1  12.2  50  0  50.6  53.6  126.9  0.0  0.0  49.5  0.0  0.0  0.0  4.7  20  
1112Ra308637.50e-09 379.046 0 150.0  12.1  50  0  50.4  53.6  127.0  0.0  0.0  49.8  0.0  0.0  0.0  4.7  20  
1112Ra308687.50e-09 373.946 0 149.9  12.2  50  0  50.4  53.6  127.0  0.0  0.0  49.5  0.0  0.0  0.0  4.7  20  
1112Ra308737.50e-09 368.946 0 150.2  12.4  50  0  51.0  53.6  126.9  0.0  0.0  49.7  0.0  0.0  0.0  4.6  20  
1112Ra308787.50e-09 364.046 0 150.2  12.2  50  0  50.8  53.6  126.8  0.0  0.0  49.7  0.0  0.0  0.0  4.7  20  
1112Ra308837.50e-09 358.946 0 150.0  12.2  50  0  50.2  53.6  127.0  0.0  0.0  50.1  0.0  0.0  0.0  4.8  20  
1112Ra308887.50e-09 354.046 0 150.1  12.3  50  0  50.5  53.6  126.9  0.0  0.0  49.4  0.0  0.0  0.0  4.8  20  
1112Ra308937.50e-09 348.946 0 150.1  12.3  50  0  51.0  53.6  127.0  0.0  0.0  49.7  0.0  0.0  0.0  4.6  20  
1112Ra308987.50e-09 343.846 0 150.1  12.3  50  0  50.9  53.6  126.9  0.0  0.0  49.8  0.0  0.0  0.0  4.7  20  
1112Ra309037.50e-09 339.046 0 150.2  12.2  50  0  50.5  53.6  126.9  0.0  0.0  50.1  0.0  0.0  0.0  4.9  20  
1112Ra309087.50e-09 333.946 0 150.0  12.2  50  0  50.6  53.6  126.9  0.0  0.0  50.0  0.0  0.0  0.0  4.9  20  
1112Ra309137.50e-09 329.046 0 150.1  12.3  50  0  50.5  53.5  127.0  0.0  0.0  50.0  0.0  0.0  0.0  4.7  20  
1112Ra309187.50e-09 323.946 0 149.9  12.2  50  0  50.5  53.6  127.0  0.0  0.0  49.4  0.0  0.0  0.0  4.7  20  
1112Ra309237.50e-09 319.046 0 149.8  12.4  50  0  50.4  53.6  127.0  0.0  0.0  49.8  0.0  0.0  0.0  4.8  20  
1112Ra309287.50e-09 313.946 0 150.0  12.2  50  0  50.6  53.6  126.9  0.0  0.0  50.4  0.0  0.0  0.0  4.8  20  
1112Ra309337.50e-09 309.046 0 150.1  12.1  50  0  50.3  53.6  126.8  0.0  0.0  50.1  0.0  0.0  0.0  4.8  20  
1112Ra309387.50e-09 303.946 0 150.1  12.2  50  0  51.0  53.6  127.0  0.0  0.0  50.4  0.0  0.0  0.0  4.9  20  
1112Ra309437.50e-09 299.046 0 149.7  12.3  50  0  50.8  53.6  127.0  0.0  0.0  49.9  0.0  0.0  0.0  4.8  20  
1112Ra309487.50e-09 293.946 0 150.0  12.3  50  0  50.7  53.5  127.0  0.0  0.0  49.5  0.0  0.0  0.0  4.6  20  
1112Ra309537.50e-09 289.046 0 149.8  12.2  50  0  50.3  53.5  127.0  0.0  0.0  49.7  0.0  0.0  0.0  4.8  20  
1112Ra309587.50e-09 283.946 0 150.1  12.2  50  0  50.3  53.6  127.1  0.0  0.0  50.3  0.0  0.0  0.0  4.8  20  
1112Ra309637.50e-09 279.046 0 149.9  12.3  50  0  50.9  53.6  127.0  0.0  0.0  49.5  0.0  0.0  0.0  4.7  20  
1112Ra309687.50e-09 273.946 0 149.8  12.3  50  0  50.3  53.6  127.0  0.0  0.0  49.5  0.0  0.0  0.0  4.6  20  
1112Ra309737.50e-09 268.946 0 150.1  12.3  50  0  50.6  53.6  127.0  0.0  0.0  50.0  0.0  0.0  0.0  4.8  20  
1112Ra309787.50e-09 264.046 0 150.3  12.2  50  0  50.5  53.6  127.0  0.0  0.0  50.2  0.0  0.0  0.0  5.0  20  
1112Ra309837.50e-09 258.946 0 149.9  12.3  50  0  50.4  53.6  126.9  0.0  0.0  49.5  0.0  0.0  0.0  4.9  20  
1112Ra309887.50e-09 254.046 0 149.9  12.3  50  0  50.7  53.7  127.0  0.0  0.0  50.1  0.0  0.0  0.0  4.9  20  
1112Ra309937.50e-09 249.046 0 150.2  12.3  50  0  50.6  53.6  127.1  0.0  0.0  50.0  0.0  0.0  0.0  4.9  20  
1112Ra309987.50e-09 243.946 0 150.1  12.3  50  0  50.4  53.6  126.9  0.0  0.0  49.7  0.0  0.0  0.0  4.7  20  
1112Ra310037.50e-09 239.046 0 150.0  12.2  50  0  50.2  53.7  127.1  0.0  0.0  49.7  0.0  0.0  0.0  4.7  20  
1112Ra310087.50e-09 234.046 0 150.1  12.3  50  0  50.3  53.7  126.9  0.0  0.0  49.4  0.0  0.0  0.0  4.7  20  
1112Ra310137.50e-09 229.046 0 150.3  12.2  50  0  50.5  53.7  126.9  0.0  0.0  49.5  0.0  0.0  0.0  4.8  20  
1112Ra310187.50e-09 223.946 0 150.4  12.3  50  0  50.5  53.6  127.0  0.0  0.0  49.3  0.0  0.0  0.0  4.6  20  
1112Ra310237.50e-09 219.046 0 150.0  12.3  50  0  50.4  53.6  126.9  0.0  0.0  50.1  0.0  0.0  0.0  5.0  20  
1112Ra310287.50e-09 213.946 0 150.1  12.3  50  0  50.8  53.6  127.0  0.0  0.0  49.6  0.0  0.0  0.0  4.8  20  
1112Ra310337.50e-09 209.046 0 149.9  12.3  50  0  50.2  53.6  127.0  0.0  0.0  50.5  0.0  0.0  0.0  5.0  20  
1112Ra310387.50e-09 203.946 0 150.0  12.3  50  0  50.4  53.6  126.9  0.0  0.0  50.1  0.0  0.0  0.0  5.0  20  
1112Ra310437.50e-09 199.046 0 149.9  12.3  50  0  50.7  53.6  127.0  0.0  0.0  49.8  0.0  0.0  0.0  4.7  20  
1112Ra310487.50e-09 193.946 0 150.2  12.2  50  0  51.2  53.6  127.0  0.0  0.0  49.4  0.0  0.0  0.0  4.7  20  
1112Ra310537.50e-09 188.846 0 150.1  12.2  50  0  50.9  53.5  127.1  0.0  0.0  50.2  0.0  0.0  0.0  4.8  20  
1112Ra310587.50e-09 184.046 0 150.0  12.3  50  0  50.9  53.5  126.9  0.0  0.0  50.0  0.0  0.0  0.0  4.9  20  
1112Ra310637.50e-09 178.846 0 149.9  12.2  50  0  50.4  53.5  126.9  0.0  0.0  50.0  0.0  0.0  0.0  5.0  20  
1112Ra310687.50e-09 174.046 0 150.2  12.3  50  0  50.8  53.5  127.1  0.0  0.0  49.1  0.0  0.0  0.0  4.5  20  
1112Ra310737.50e-09 168.946 0 150.2  12.3  50  0  51.3  53.5  126.9  0.0  0.0  49.9  0.0  0.0  0.0  4.9  20  
1112Ra310787.50e-09 163.846 0 150.2  12.2  50  0  50.9  53.5  127.1  0.0  0.0  49.6  0.0  0.0  0.0  4.7  20  
1112Ra310837.50e-09 158.946 0 150.1  12.3  50  0  50.9  53.5  127.1  0.0  0.0  50.2  0.0  0.0  0.0  4.7  20  
1112Ra310887.50e-09 153.946 0 150.1  12.3  50  0  51.1  53.5  126.9  0.0  0.0  49.4  0.0  0.0  0.0  4.6  20  
1112Ra310937.50e-09 149.046 0 150.1  12.3  50  0  51.3  53.5  127.0  0.0  0.0  50.2  0.0  0.0  0.0  5.0  20  
1112Ra310987.50e-09 143.946 0 150.3  12.3  50  0  51.0  53.5  126.9  0.0  0.0  50.2  0.0  0.0  0.0  4.9  20  
1112Ra311037.50e-09 138.846 0 150.0  12.3  50  0  50.9  53.5  126.9  0.0  0.0  50.4  0.0  0.0  0.0  5.0  20  
1112Ra311087.50e-09 134.046 0 150.0  12.2  50  0  50.6  53.6  127.0  0.0  0.0  49.7  0.0  0.0  0.0  4.7  20  
1112Ra311137.50e-09 128.946 0 149.7  12.2  50  0  50.7  53.6  127.0  0.0  0.0  49.7  0.0  0.0  0.0  4.7  20  
1112Ra311187.50e-09 123.846 0 150.2  12.3  50  0  50.5  53.6  127.0  0.0  0.0  50.0  0.0  0.0  0.0  4.8  20  
1112Ra311237.50e-09 119.046 0 149.9  12.2  50  0  50.3  53.7  126.9  0.0  0.0  49.9  0.0  0.0  0.0  4.9  20  
1112Ra311287.50e-09 113.946 0 150.2  12.3  50  0  50.3  53.7  126.8  0.0  0.0  50.1  0.0  0.0  0.0  5.0  20  
1112Ra311337.50e-09 108.846 0 149.9  12.3  50  0  50.6  53.7  126.9  0.0  0.0  50.0  0.0  0.0  0.0  4.8  20  
1112Ra311387.50e-09 103.946 0 150.1  12.3  50  0  50.8  53.6  126.9  0.0  0.0  50.1  0.0  0.0  0.0  4.7  20  
1112Ra311437.50e-09 98.946 0 150.2  12.3  50  0  50.5  53.6  127.0  0.0  0.0  49.8  0.0  0.0  0.0  4.9  20  
1111Ra311487.50e-09 94.046 0 149.8  12.3  50  0  50.7  53.6  127.0  0.0  0.0  49.8  0.0  0.0  0.0  4.6  20  
1111Ra311537.50e-09 88.946 0 150.2  12.3  50  0  50.1  53.6  127.0  0.0  0.0  49.9  0.0  0.0  0.0  4.8  20  
1111Ra311587.50e-09 84.046 0 150.1  12.3  50  0  50.3  53.6  127.0  0.0  0.0  49.7  0.0  0.0  0.0  4.7  20  
1111Ra311637.50e-09 78.946 0 150.0  12.3  50  0  50.1  53.7  127.0  0.0  0.0  49.7  0.0  0.0  0.0  4.7  20  
1111Ra311687.50e-09 73.846 0 150.1  12.3  50  0  50.4  53.7  127.0  0.0  0.0  49.8  0.0  0.0  0.0  4.7  20  
1111Ra311737.50e-09 69.046 0 149.9  12.2  50  0  50.2  53.7  126.9  0.0  0.0  50.0  0.0  0.0  0.0  4.8  20  
1111Ra311787.50e-09 63.946 0 149.8  12.3  50  0  50.7  53.6  127.1  0.0  0.0  49.8  0.0  0.0  0.0  4.8  20  
1111Ra311837.50e-09 58.946 0 150.2  12.3  50  0  50.6  53.6  126.9  0.0  0.0  50.2  0.0  0.0  0.0  4.9  20  
1111Ra311887.50e-09 53.846 0 150.0  12.3  50  0  50.5  53.6  127.0  0.0  0.0  49.6  0.0  0.0  0.0  4.6  20  
1111Ra311937.50e-09 48.846 0 149.7  12.2  50  0  50.4  53.6  127.0  0.0  0.0  49.5  0.0  0.0  0.0  4.8  20  
1111Ra311987.50e-09 44.046 0 149.8  12.3  50  0  50.5  53.6  126.9  0.0  0.0  50.0  0.0  0.0  0.0  4.8  20  
1111Ra312037.50e-09 38.946 0 149.9  12.2  50  0  50.5  53.6  127.0  0.0  0.0  49.3  0.0  0.0  0.0  4.6  20  
1111Ra312087.50e-09 34.046 0 150.1  12.2  50  0  50.7  53.6  127.0  0.0  0.0  49.8  0.0  0.0  0.0  4.8  20  
1111Ra312137.50e-09 28.946 0 150.2  12.2  50  0  50.8  53.5  127.1  0.0  0.0  50.2  0.0  0.0  0.0  4.9  20  
1111Ra312187.50e-09 23.846 0 150.0  12.3  50  0  50.4  53.5  127.0  0.0  0.0  49.8  0.0  0.0  0.0  4.6  20  
1111Ra312237.50e-09 18.946 0 149.9  12.2  50  0  50.8  53.5  126.9  0.0  0.0  49.6  0.0  0.0  0.0  4.7  20  
1111Ra312287.50e-09 13.946 0 149.8  12.4  50  0  51.0  53.5  127.0  0.0  0.0  49.6  0.0  0.0  0.0  4.8  20  
1111Ra312337.50e-09 9.046 0 150.2  12.4  50  0  50.9  53.5  127.1  0.0  0.0  49.3  0.0  0.0  0.0  4.6  20  
1110Ra312387.50e-09 3.946 0 149.9  12.2  50  0  51.0  53.5  127.1  0.0  0.0  50.2  0.0  0.0  0.0  4.9  20  
1110Sa31241Pump_down_5e-5_ 5 0 384 5 On 4.99e-05 0.001 5 1 0.0  0.0  0.0  0.0  0.0  20  
1091R 312427.50e-03 0.001 0 0.0  0.0  0.0  0.0  0.0  
1056R 312472.11e-04 0.001 0 0.0  0.0  0.0  0.0  0.0  
1056R 312527.48e-05 0.001 0 0.0  0.0  0.0  0.0  0.0  
1056R 312574.50e-05 0.001 0 0.0  0.0  0.0  0.0  0.0  
1056pa31258
1014Pa38511zDGG_hBN_3x30s_wO2_-_edited ragnboom Wafer_slot_1
1063Sa38511Pump_down_to_5e-5_ 1 0 384 5 On 4.99e-05 0.001 5 1 0.0  0.0  0.0  0.0  0.0  20  
1094R 385117.50e-03 0.001 0 0.0  0.0  0.0  0.0  0.0  
1056R 385167.50e-03 0.001 0 0.0  0.0  0.0  0.0  0.0  
1056R 385217.50e-03 0.001 0 0.0  0.0  0.0  0.0  0.0  
1056R 385267.50e-03 0.001 0 0.0  0.0  0.0  0.0  0.0  
1056R 385317.50e-03 0.001 0 0.0  0.0  0.0  0.0  0.0  
1056R 385363.68e-04 0.001 0 0.0  0.0  0.0  0.0  0.0  
1056R 385412.45e-04 0.001 0 0.0  0.0  0.0  0.0  0.0  
1056R 385461.97e-04 0.001 0 0.0  0.0  0.0  0.0  0.0  
1056R 385511.72e-04 0.001 0 0.0  0.0  0.0  0.0  0.0  
1056R 385561.49e-04 0.001 0 0.0  0.0  0.0  0.0  0.0  
1056R 385611.31e-04 0.001 0 0.0  0.0  0.0  0.0  0.0  
1056R 385661.19e-04 0.001 0 0.0  0.0  0.0  0.0  0.0  
1056R 385711.07e-04 0.001 0 0.0  0.0  0.0  0.0  0.0  
1056R 385769.59e-05 0.001 0 0.0  0.0  0.0  0.0  0.0  
1056R 385818.63e-05 0.001 0 0.0  0.0  0.0  0.0  0.0  
1056R 385868.03e-05 0.001 0 0.0  0.0  0.0  0.0  0.0  
1056R 385917.62e-05 0.001 0 0.0  0.0  0.0  0.0  0.0  
1056R 385967.18e-05 0.001 0 0.0  0.0  0.0  0.0  0.0  
1056R 386016.88e-05 0.001 0 0.0  0.0  0.0  0.0  0.0  
1056R 386066.49e-05 0.001 0 0.0  0.0  0.0  0.0  0.0  
1056R 386116.16e-05 0.001 0 0.0  0.0  0.0  0.0  0.0  
1056R 386165.91e-05 0.001 0 0.0  0.0  0.0  0.0  0.0  
1056R 386215.69e-05 0.001 0 0.0  0.0  0.0  0.0  0.0  
1056R 386265.46e-05 0.001 0 0.0  0.0  0.0  0.0  0.0  
1056R 386315.25e-05 0.001 0 0.0  0.0  0.0  0.0  0.0  
1056R 386365.08e-05 0.001 0 0.0  0.0  0.0  0.0  0.0  
1056Sa38640O2_descum_ 2 30 257 5 Off Off 7.50e-09 Off 30 5 1 10.0  0.0  pressure 100.0  20  10  20  0.0  0.0  0.0      0  0.0  0.0  0.0  0.0  40.0  20  
1155Ra386414.87e-05 30 0 0.0  90.0  0  0  70.7  47.7  0.0  0.0  0.0  0.0  0.0  0.0  0.0  0.0  20  
1101Ra386467.50e-09 30 0 68.2  0.0  0  0  70.7  47.7  0.0  0.0  0.0  0.0  0.0  0.0  0.0  40.0  20  
1102Ra386517.50e-09 29.834 0 99.9  11.5  8  7  70.7  47.7  1.4  0.0  0.0  0.0  0.0  0.0  0.0  39.8  20  
1107Ra386567.50e-09 28.73 0 88.3  30.0  20  1  96.7  50.7  87.9  0.0  0.0  0.0  0.0  0.0  0.0  39.8  20  
1108Ra386617.50e-09 23.63 0 9.8  28.3  20  3  76.0  52.2  109.8  0.0  0.0  0.0  0.0  0.0  0.0  39.8  20  
1108Ra386667.50e-09 18.53 0 10.1  28.1  20  0  73.8  52.7  110.8  0.0  0.0  0.0  0.0  0.0  0.0  39.7  20  
1109Ra386717.50e-09 13.63 0 9.8  28.0  20  0  70.7  52.8  114.7  0.0  0.0  0.0  0.0  0.0  0.0  39.6  20  
1108Ra386767.50e-09 8.63 0 10.0  27.9  20  0  68.3  53.1  113.5  0.0  0.0  0.0  0.0  0.0  0.0  39.8  20  
1108Ra386817.50e-09 3.53 0 9.9  28.1  20  0  65.7  53.3  110.4  0.0  0.0  0.0  0.0  0.0  0.0  39.8  20  
1107Sa38684Pump_down_5e-5_ 3 0 384 5 On 4.99e-05 0.001 5 1 0.0  0.0  0.0  0.0  0.0  20  
1091R 386857.50e-03 0.001 0 0.0  0.0  0.0  0.0  0.0  
1056R 386901.37e-04 0.001 0 0.0  0.0  0.0  0.0  0.0  
1056R 386956.66e-05 0.001 0 0.0  0.0  0.0  0.0  0.0  
1056R 387004.97e-05 0.001 0 0.0  0.0  0.0  0.0  0.0  
1056Sa38701hBN_etch_ 4 120 257 5 Off Off 7.50e-09 Off 120 5 1 150.0  0.0  pressure 0.0  0  0  50  0.0  0.0  0.0      0  50.0  0.0  0.0  0.0  5.0  20  
1153Ra387027.50e-09 120 0 0.0  90.0  0  0  70.7  47.7  0.0  0.0  0.0  0.4  0.0  0.0  0.0  0.0  20  
1102Ra387077.50e-09 120 0 150.1  12.4  0  0  70.7  47.7  0.0  0.0  0.0  49.6  0.0  0.0  0.0  4.7  20  
1105Ra387127.50e-09 119.924 0 150.1  12.3  49  31  70.3  49.1  57.9  0.0  0.0  49.4  0.0  0.0  0.0  4.7  20  
1112Ra387177.50e-09 115.914 0 149.7  12.4  50  1  68.5  51.9  126.9  0.0  0.0  50.1  0.0  0.0  0.0  4.8  20  
1112Ra387227.50e-09 110.814 0 150.1  12.1  50  0  59.4  53.1  128.3  0.0  0.0  49.4  0.0  0.0  0.0  4.5  20  
1112Ra387277.50e-09 105.814 0 150.1  12.3  50  0  57.0  53.5  128.0  0.0  0.0  49.6  0.0  0.0  0.0  4.7  20  
1112Ra387327.50e-09 100.914 0 150.0  12.2  50  0  55.8  53.6  127.6  0.0  0.0  50.0  0.0  0.0  0.0  5.0  20  
1112Ra387377.50e-09 95.814 0 149.7  12.3  50  0  55.1  53.6  127.7  0.0  0.0  49.9  0.0  0.0  0.0  4.7  20  
1111Ra387427.50e-09 90.914 0 149.9  12.3  50  0  55.0  53.7  127.5  0.0  0.0  49.7  0.0  0.0  0.0  4.8  20  
1111Ra387477.50e-09 85.814 0 149.8  12.4  50  0  54.9  53.7  127.2  0.0  0.0  49.9  0.0  0.0  0.0  4.8  20  
1111Ra387527.50e-09 80.914 0 150.0  12.4  50  0  54.6  53.7  127.4  0.0  0.0  49.5  0.0  0.0  0.0  4.7  20  
1111Ra387577.50e-09 75.814 0 149.9  12.4  50  0  54.6  53.7  127.3  0.0  0.0  49.8  0.0  0.0  0.0  4.6  20  
1111Ra387627.50e-09 70.814 0 150.2  12.4  50  0  54.2  53.7  127.1  0.0  0.0  49.6  0.0  0.0  0.0  4.9  20  
1111Ra387677.50e-09 65.914 0 150.1  12.4  50  0  54.5  53.8  127.2  0.0  0.0  49.7  0.0  0.0  0.0  4.7  20  
1111Ra387727.50e-09 60.814 0 150.0  12.2  50  0  54.4  53.8  127.2  0.0  0.0  49.7  0.0  0.0  0.0  4.8  20  
1111Ra387777.50e-09 55.914 0 150.0  12.2  50  0  54.2  53.8  127.2  0.0  0.0  49.3  0.0  0.0  0.0  4.5  20  
1111Ra387827.50e-09 50.914 0 149.9  12.3  50  0  54.4  53.7  127.1  0.0  0.0  49.5  0.0  0.0  0.0  4.7  20  
1111Ra387877.50e-09 45.914 0 149.9  12.3  50  0  54.4  53.7  127.1  0.0  0.0  49.4  0.0  0.0  0.0  4.6  20  
1111Ra387927.50e-09 40.914 0 150.1  12.2  50  0  54.3  53.7  127.2  0.0  0.0  49.8  0.0  0.0  0.0  4.7  20  
1111Ra387977.50e-09 35.814 0 150.0  12.3  50  0  54.3  53.8  127.2  0.0  0.0  50.1  0.0  0.0  0.0  4.8  20  
1111Ra388027.50e-09 30.914 0 149.9  12.2  50  0  54.2  53.7  127.2  0.0  0.0  49.8  0.0  0.0  0.0  4.7  20  
1111Ra388077.50e-09 25.814 0 150.0  12.4  50  0  54.5  53.7  127.1  0.0  0.0  50.0  0.0  0.0  0.0  4.8  20  
1111Ra388127.50e-09 20.814 0 149.9  12.3  50  0  54.6  53.7  127.0  0.0  0.0  49.4  0.0  0.0  0.0  4.7  20  
1111Ra388177.50e-09 15.914 0 150.2  12.3  50  0  54.6  53.7  127.0  0.0  0.0  50.0  0.0  0.0  0.0  4.8  20  
1111Ra388227.50e-09 10.814 0 150.0  12.3  50  0  54.8  53.7  127.1  0.0  0.0  50.1  0.0  0.0  0.0  4.8  20  
1111Ra388277.50e-09 5.814 0 150.1  12.3  50  0  54.8  53.7  127.1  0.0  0.0  49.5  0.0  0.0  0.0  4.7  20  
1110Ra388327.50e-09 0.914 0 150.0  12.3  50  0  54.5  53.7  127.1  0.0  0.0  49.8  0.0  0.0  0.0  4.8  20  
1110Sa38832Pump_down_5e-5_ 5 0 384 5 On 4.99e-05 0.001 5 1 0.0  0.0  0.0  0.0  0.0  20  
1091R 388337.50e-03 0.001 0 0.0  0.0  0.0  0.0  0.0  
1056R 388382.12e-04 0.001 0 0.0  0.0  0.0  0.0  0.0  
1056R 388438.06e-05 0.001 0 0.0  0.0  0.0  0.0  0.0  
1056R 388485.41e-05 0.001 0 0.0  0.0  0.0  0.0  0.0  
1056pa38851
1014Pa43917zDGG_hBN_3x30s_wO2_-_edited ragnboom Wafer_slot_1
1063Sa43917Pump_down_to_5e-5_ 1 0 384 5 On 4.99e-05 0.001 5 1 0.0  0.0  0.0  0.0  0.0  20  
1094R 439183.15e-05 0.001 0 0.0  0.0  0.0  0.0  0.0  
1056Sa43921O2_descum_ 2 30 257 5 Off Off 7.50e-09 Off 30 5 1 10.0  0.0  pressure 100.0  20  10  20  0.0  0.0  0.0      0  0.0  0.0  0.0  0.0  40.0  20  
1155Ra439224.14e-05 30 0 0.0  3.5  0  0  70.7  47.7  0.0  0.0  0.0  0.0  0.0  0.0  0.0  0.0  20  
1100Ra439277.50e-09 30 0 66.4  0.0  0  0  70.7  47.7  0.0  0.0  0.0  0.0  0.0  0.0  0.0  39.9  20  
1102Ra439327.50e-09 29.904 0 100.0  11.5  0  0  70.7  47.7  1.3  0.0  0.0  0.0  0.0  0.0  0.0  40.0  20  
1108Ra439377.50e-09 29.43 0 99.9  11.3  20  0  76.8  51.8  86.2  0.0  0.0  0.0  0.0  0.0  0.0  40.0  20  
1108Ra439427.50e-09 24.33 0 10.1  28.5  20  0  70.5  52.9  115.5  0.0  0.0  0.0  0.0  0.0  0.0  39.7  20  
1109Ra439477.50e-09 19.23 0 10.2  28.3  20  0  68.3  53.1  114.5  0.0  0.0  0.0  0.0  0.0  0.0  39.9  20  
1109Ra439527.50e-09 14.43 0 9.8  28.4  20  0  66.3  53.3  113.5  0.0  0.0  0.0  0.0  0.0  0.0  39.7  20  
1108Ra439577.50e-09 9.33 0 10.0  28.1  20  0  64.4  53.4  110.4  0.0  0.0  0.0  0.0  0.0  0.0  40.0  20  
1108Ra439627.50e-09 4.43 0 9.9  28.1  20  0  63.2  53.6  110.1  0.0  0.0  0.0  0.0  0.0  0.0  39.9  20  
1107Sa43966Pump_down_5e-5_ 3 0 384 5 On 4.99e-05 0.001 5 1 0.0  0.0  0.0  0.0  0.0  20  
1091R 439677.50e-03 0.001 0 0.0  0.0  0.0  0.0  0.0  
1056R 439721.21e-04 0.001 0 0.0  0.0  0.0  0.0  0.0  
1056R 439775.74e-05 0.001 0 0.0  0.0  0.0  0.0  0.0  
1056Sa43981hBN_etch_ 4 30 257 5 Off Off 7.50e-09 Off 30 5 1 150.0  0.0  pressure 0.0  0  0  50  0.0  0.0  0.0      0  50.0  0.0  0.0  0.0  5.0  20  
1151Ra439814.33e-05 30 0 0.0  90.0  0  0  70.7  47.7  0.0  0.0  0.0  0.0  0.0  0.0  0.0  0.0  20  
1101Ra439867.50e-09 30 0 149.9  12.4  0  0  70.7  47.7  0.0  0.0  0.0  49.3  0.0  0.0  0.0  4.6  20  
1104Ra439917.50e-09 29.924 0 149.9  12.1  49  35  69.6  48.6  50.2  0.0  0.0  50.1  0.0  0.0  0.0  4.9  20  
1111Ra439967.50e-09 26.334 0 150.0  12.4  50  0  70.4  51.7  127.5  0.0  0.0  49.6  0.0  0.0  0.0  4.6  20  
1111Ra440017.50e-09 21.234 0 150.1  12.0  50  0  59.8  52.9  128.3  0.0  0.0  49.7  0.0  0.0  0.0  4.8  20  
1111Ra440067.50e-09 16.234 0 150.0  12.1  50  0  57.6  53.4  128.5  0.0  0.0  49.8  0.0  0.0  0.0  4.8  20  
1111Ra440117.50e-09 11.334 0 150.2  12.3  50  0  56.2  53.5  128.1  0.0  0.0  49.6  0.0  0.0  0.0  4.8  20  
1111Ra440167.50e-09 6.234 0 149.7  12.4  50  0  55.7  53.6  128.0  0.0  0.0  49.7  0.0  0.0  0.0  4.8  20  
1110Ra440217.50e-09 1.234 0 149.7  12.3  50  0  55.3  53.6  127.9  0.0  0.0  50.1  0.0  0.0  0.0  4.8  20  
1110Sa44022Pump_down_5e-5_ 5 0 384 5 On 4.99e-05 0.001 5 1 0.0  0.0  0.0  0.0  0.0  20  
1091R 440237.50e-03 0.001 0 0.0  0.0  0.0  0.0  0.0  
1056R 440281.83e-04 0.001 0 0.0  0.0  0.0  0.0  0.0  
1056R 440337.45e-05 0.001 0 0.0  0.0  0.0  0.0  0.0  
1056R 440385.13e-05 0.001 0 0.0  0.0  0.0  0.0  0.0  
1056pa44040
1014Pa78844Armin_-_Chamber_Clean_O2 clean Wafer_slot_1
1057Sa78844Pump_to_5E-05_Torr_ 1 0 384 5 On 4.99e-05 0.001 5 1 0.0  0.0  0.0  0.0  0.0  20  
1095R 788444.97e-05 0.001 0 0.0  0.0  0.0  0.0  0.0  
1056Sa78847Chamber_Clean_ 2 600 257 5 Off Off 7.50e-09 Off 600 5 1 100.0  0.0  pressure 100.0  0  0  200  0.0  0.0  0.0      0  0.0  0.0  0.0  0.0  50.0  20  
1161Ra788484.89e-05 600 0 0.0  90.0  0  0  70.7  47.7  0.0  0.0  0.0  0.0  0.0  0.0  0.0  0.0  20  
1102Ra788537.50e-09 600 0 98.5  12.1  0  0  70.7  47.7  0.0  0.0  0.0  0.0  0.0  0.0  0.0  49.9  20  
1104Ra788587.50e-09 599.936 0 99.9  12.2  125  98  70.7  47.7  76.7  0.0  0.0  0.0  0.0  0.0  0.0  50.0  20  
1112Ra788637.50e-09 598.048 0 100.1  12.4  201  2  74.7  51.4  368.8  0.0  0.0  0.0  0.0  0.0  0.0  49.9  20  
1113Ra788687.50e-09 593.148 0 100.1  12.4  201  1  68.1  52.1  368.1  0.0  0.0  0.0  0.0  0.0  0.0  49.9  20  
1113Ra788737.50e-09 588.048 0 100.2  12.4  201  1  66.4  52.2  367.5  0.0  0.0  0.0  0.0  0.0  0.0  49.8  20  
1113Ra788787.50e-09 583.148 0 100.0  12.4  201  1  65.6  52.2  367.9  0.0  0.0  0.0  0.0  0.0  0.0  50.0  20  
1113Ra788837.50e-09 578.048 0 99.8  12.3  201  1  65.4  52.3  367.9  0.0  0.0  0.0  0.0  0.0  0.0  49.9  20  
1112Ra788887.50e-09 573.148 0 99.9  12.3  201  1  65.3  52.3  367.8  0.0  0.0  0.0  0.0  0.0  0.0  49.9  20  
1112Ra788937.50e-09 568.048 0 100.1  12.5  201  1  64.9  52.3  367.8  0.0  0.0  0.0  0.0  0.0  0.0  50.0  20  
1113Ra788987.50e-09 563.148 0 99.9  12.4  201  1  65.0  52.3  368.0  0.0  0.0  0.0  0.0  0.0  0.0  49.7  20  
1112Ra789037.50e-09 558.148 0 100.2  12.3  201  1  64.9  52.3  368.1  0.0  0.0  0.0  0.0  0.0  0.0  49.9  20  
1113Ra789087.50e-09 553.048 0 100.0  12.3  201  1  64.9  52.3  368.5  0.0  0.0  0.0  0.0  0.0  0.0  49.8  20  
1113Ra789137.50e-09 548.148 0 100.0  12.2  201  1  65.1  52.3  368.8  0.0  0.0  0.0  0.0  0.0  0.0  49.8  20  
1113Ra789187.50e-09 543.048 0 100.2  12.4  201  1  65.1  52.3  368.8  0.0  0.0  0.0  0.0  0.0  0.0  49.8  20  
1113Ra789237.50e-09 538.148 0 99.8  12.4  201  1  65.1  52.3  368.9  0.0  0.0  0.0  0.0  0.0  0.0  49.8  20  
1112Ra789287.50e-09 533.048 0 99.8  12.2  201  1  65.0  52.3  368.8  0.0  0.0  0.0  0.0  0.0  0.0  49.9  20  
1112Ra789337.50e-09 528.148 0 100.1  12.3  201  1  65.3  52.3  369.1  0.0  0.0  0.0  0.0  0.0  0.0  49.6  20  
1113Ra789387.50e-09 523.148 0 100.1  12.4  201  1  65.3  52.3  368.9  0.0  0.0  0.0  0.0  0.0  0.0  49.7  20  
1113Ra789437.50e-09 518.048 0 100.0  12.4  201  1  65.3  52.3  369.3  0.0  0.0  0.0  0.0  0.0  0.0  49.8  20  
1113Ra789487.50e-09 513.148 0 100.1  12.2  201  1  65.1  52.3  369.2  0.0  0.0  0.0  0.0  0.0  0.0  49.8  20  
1113Ra789537.50e-09 508.048 0 100.0  12.4  201  1  65.1  52.3  368.9  0.0  0.0  0.0  0.0  0.0  0.0  49.6  20  
1113Ra789587.50e-09 503.148 0 99.9  12.4  201  1  65.3  52.3  369.3  0.0  0.0  0.0  0.0  0.0  0.0  49.5  20  
1112Ra789637.50e-09 498.048 0 99.9  12.3  201  1  65.4  52.2  369.6  0.0  0.0  0.0  0.0  0.0  0.0  49.9  20  
1112Ra789687.50e-09 493.148 0 100.3  12.3  201  1  65.2  52.2  369.2  0.0  0.0  0.0  0.0  0.0  0.0  49.9  20  
1113Ra789737.50e-09 488.048 0 100.2  12.3  201  1  65.0  52.2  369.5  0.0  0.0  0.0  0.0  0.0  0.0  49.8  20  
1113Ra789787.50e-09 483.148 0 100.1  12.3  201  1  65.3  52.2  369.7  0.0  0.0  0.0  0.0  0.0  0.0  49.6  20  
1113Ra789837.50e-09 478.048 0 100.1  12.2  201  1  65.3  52.2  369.6  0.0  0.0  0.0  0.0  0.0  0.0  49.9  20  
1113Ra789887.50e-09 473.148 0 100.2  12.2  201  1  65.1  52.2  369.5  0.0  0.0  0.0  0.0  0.0  0.0  49.8  20  
1113Ra789937.50e-09 468.048 0 100.0  12.2  201  1  65.2  52.2  369.8  0.0  0.0  0.0  0.0  0.0  0.0  49.7  20  
1113Ra789987.50e-09 462.948 0 99.9  12.3  201  1  65.3  52.2  369.9  0.0  0.0  0.0  0.0  0.0  0.0  49.9  20  
1112Ra790037.50e-09 458.148 0 99.9  12.3  201  1  65.2  52.2  370.0  0.0  0.0  0.0  0.0  0.0  0.0  50.0  20  
1112Ra790087.50e-09 453.048 0 99.9  12.2  201  1  65.4  52.2  369.9  0.0  0.0  0.0  0.0  0.0  0.0  50.0  20  
1112Ra790137.50e-09 447.948 0 99.8  12.4  201  1  65.4  52.2  370.0  0.0  0.0  0.0  0.0  0.0  0.0  49.9  20  
1112Ra790187.50e-09 443.048 0 99.9  12.1  201  1  65.4  52.2  370.0  0.0  0.0  0.0  0.0  0.0  0.0  50.1  20  
1112Ra790237.50e-09 438.048 0 99.9  12.1  201  1  65.3  52.2  370.1  0.0  0.0  0.0  0.0  0.0  0.0  49.7  20  
1112Ra790287.50e-09 433.148 0 100.2  12.4  201  1  65.4  52.2  370.2  0.0  0.0  0.0  0.0  0.0  0.0  49.9  20  
1113Ra790337.50e-09 428.048 0 100.0  12.4  201  1  65.2  52.2  370.0  0.0  0.0  0.0  0.0  0.0  0.0  49.7  20  
1113Ra790387.50e-09 423.048 0 100.1  12.2  201  1  65.2  52.2  369.9  0.0  0.0  0.0  0.0  0.0  0.0  49.8  20  
1113Ra790437.50e-09 418.148 0 100.1  12.4  201  1  65.2  52.2  370.2  0.0  0.0  0.0  0.0  0.0  0.0  49.5  20  
1113Ra790487.50e-09 413.048 0 99.8  12.3  201  1  65.5  52.2  370.4  0.0  0.0  0.0  0.0  0.0  0.0  50.0  20  
1112Ra790537.50e-09 407.948 0 100.0  12.3  201  1  65.3  52.2  370.4  0.0  0.0  0.0  0.0  0.0  0.0  50.0  20  
1113Ra790587.50e-09 403.148 0 100.0  12.3  201  1  65.3  52.2  370.3  0.0  0.0  0.0  0.0  0.0  0.0  49.9  20  
1113Ra790637.50e-09 398.048 0 100.0  12.2  201  1  65.4  52.2  370.5  0.0  0.0  0.0  0.0  0.0  0.0  49.7  20  
1113Ra790687.50e-09 392.948 0 99.9  12.3  201  1  65.1  52.2  370.4  0.0  0.0  0.0  0.0  0.0  0.0  49.8  20  
1112Ra790737.50e-09 388.048 0 100.1  12.3  201  1  65.2  52.2  370.2  0.0  0.0  0.0  0.0  0.0  0.0  49.8  20  
1113Ra790787.50e-09 382.948 0 100.0  12.3  201  1  65.4  52.2  370.3  0.0  0.0  0.0  0.0  0.0  0.0  49.8  20  
1113Ra790837.50e-09 378.048 0 100.2  12.3  201  1  65.3  52.2  370.3  0.0  0.0  0.0  0.0  0.0  0.0  49.9  20  
1113Ra790887.50e-09 372.948 0 99.8  12.4  201  1  65.2  52.2  370.3  0.0  0.0  0.0  0.0  0.0  0.0  50.0  20  
1112Ra790937.50e-09 368.048 0 99.8  12.3  201  1  65.5  52.2  370.3  0.0  0.0  0.0  0.0  0.0  0.0  49.7  20  
1112Ra790987.50e-09 362.948 0 100.0  12.4  201  1  65.4  52.2  370.5  0.0  0.0  0.0  0.0  0.0  0.0  49.7  20  
1113Ra791037.50e-09 358.048 0 99.9  12.2  201  1  65.4  52.2  370.5  0.0  0.0  0.0  0.0  0.0  0.0  49.9  20  
1112Ra791087.50e-09 352.948 0 100.0  12.3  201  1  65.5  52.2  370.5  0.0  0.0  0.0  0.0  0.0  0.0  50.0  20  
1113Ra791137.50e-09 348.148 0 100.0  12.4  201  1  65.4  52.2  370.8  0.0  0.0  0.0  0.0  0.0  0.0  49.9  20  
1113Ra791187.50e-09 343.048 0 99.9  12.4  201  1  65.3  52.2  370.6  0.0  0.0  0.0  0.0  0.0  0.0  49.8  20  
1112Ra791237.50e-09 337.948 0 99.9  12.3  201  1  65.3  52.2  370.4  0.0  0.0  0.0  0.0  0.0  0.0  49.7  20  
1112Ra791287.50e-09 333.048 0 99.7  12.3  201  1  65.4  52.2  370.6  0.0  0.0  0.0  0.0  0.0  0.0  49.8  20  
1112Ra791337.50e-09 328.048 0 99.9  12.2  201  1  65.5  52.2  370.7  0.0  0.0  0.0  0.0  0.0  0.0  49.9  20  
1112Ra791387.50e-09 323.148 0 99.9  12.3  201  1  65.4  52.2  370.6  0.0  0.0  0.0  0.0  0.0  0.0  49.6  20  
1112Ra791437.50e-09 318.048 0 100.0  12.2  201  1  65.2  52.2  370.8  0.0  0.0  0.0  0.0  0.0  0.0  49.6  20  
1113Ra791487.50e-09 312.948 0 100.1  12.3  201  1  65.5  52.2  370.9  0.0  0.0  0.0  0.0  0.0  0.0  49.9  20  
1113Ra791537.50e-09 308.148 0 100.0  12.3  201  1  65.5  52.2  370.7  0.0  0.0  0.0  0.0  0.0  0.0  49.8  20  
1113Ra791587.50e-09 303.048 0 99.8  12.4  201  1  65.3  52.2  370.6  0.0  0.0  0.0  0.0  0.0  0.0  49.9  20  
1112Ra791637.50e-09 298.048 0 100.1  12.4  201  1  65.4  52.2  370.6  0.0  0.0  0.0  0.0  0.0  0.0  50.0  20  
1113Ra791687.50e-09 293.048 0 99.9  12.2  201  1  65.4  52.2  370.5  0.0  0.0  0.0  0.0  0.0  0.0  49.7  20  
1112Ra791737.50e-09 288.148 0 100.1  12.2  201  1  65.4  52.2  370.7  0.0  0.0  0.0  0.0  0.0  0.0  49.8  20  
1113Ra791787.50e-09 283.048 0 100.4  12.4  201  1  65.3  52.2  370.7  0.0  0.0  0.0  0.0  0.0  0.0  49.9  20  
1113Ra791837.50e-09 277.948 0 100.0  12.3  201  1  65.5  52.2  371.0  0.0  0.0  0.0  0.0  0.0  0.0  49.9  20  
1113Ra791887.50e-09 273.148 0 99.9  12.3  201  1  65.4  52.2  370.7  0.0  0.0  0.0  0.0  0.0  0.0  49.7  20  
1112Ra791937.50e-09 268.048 0 99.9  12.3  201  1  65.4  52.2  370.7  0.0  0.0  0.0  0.0  0.0  0.0  49.7  20  
1112Ra791987.50e-09 262.948 0 100.1  12.2  201  1  65.5  52.2  370.8  0.0  0.0  0.0  0.0  0.0  0.0  49.5  20  
1113Ra792037.50e-09 258.048 0 100.1  12.3  201  1  65.2  52.2  370.7  0.0  0.0  0.0  0.0  0.0  0.0  49.6  20  
1113Ra792087.50e-09 252.948 0 100.2  12.3  201  1  65.4  52.2  370.7  0.0  0.0  0.0  0.0  0.0  0.0  49.7  20  
1113Ra792137.50e-09 248.048 0 100.1  12.4  201  1  65.5  52.2  370.9  0.0  0.0  0.0  0.0  0.0  0.0  49.6  20  
1113Ra792187.50e-09 243.048 0 100.0  12.2  201  1  65.4  52.2  370.7  0.0  0.0  0.0  0.0  0.0  0.0  50.0  20  
1113Ra792237.50e-09 238.048 0 100.0  12.3  201  1  65.4  52.2  371.0  0.0  0.0  0.0  0.0  0.0  0.0  49.7  20  
1113Ra792287.50e-09 233.048 0 100.1  12.3  201  1  65.4  52.2  371.0  0.0  0.0  0.0  0.0  0.0  0.0  50.2  20  
1113Ra792337.50e-09 227.948 0 99.9  12.3  201  1  65.6  52.2  371.4  0.0  0.0  0.0  0.0  0.0  0.0  49.7  20  
1112Ra792387.50e-09 223.048 0 100.0  12.3  201  1  65.3  52.2  371.1  0.0  0.0  0.0  0.0  0.0  0.0  49.8  20  
1113Ra792437.50e-09 218.048 0 99.8  12.3  201  1  65.3  52.2  371.1  0.0  0.0  0.0  0.0  0.0  0.0  49.9  20  
1112Ra792487.50e-09 213.148 0 100.0  12.4  201  1  65.6  52.2  371.2  0.0  0.0  0.0  0.0  0.0  0.0  49.9  20  
1113Ra792537.50e-09 207.948 0 100.1  12.1  201  1  65.6  52.2  371.3  0.0  0.0  0.0  0.0  0.0  0.0  49.8  20  
1113Ra792587.50e-09 203.048 0 99.9  12.4  201  1  65.5  52.2  371.2  0.0  0.0  0.0  0.0  0.0  0.0  49.8  20  
1112Ra792637.50e-09 198.048 0 100.0  12.3  201  1  65.4  52.2  371.0  0.0  0.0  0.0  0.0  0.0  0.0  49.6  20  
1113Ra792687.50e-09 192.948 0 100.1  12.2  201  1  65.3  52.2  371.4  0.0  0.0  0.0  0.0  0.0  0.0  49.8  20  
1113Ra792737.50e-09 188.048 0 100.0  12.3  201  1  65.5  52.2  371.2  0.0  0.0  0.0  0.0  0.0  0.0  49.9  20  
1113Ra792787.50e-09 183.048 0 99.8  12.2  201  1  65.4  52.2  371.2  0.0  0.0  0.0  0.0  0.0  0.0  49.8  20  
1112Ra792837.50e-09 177.948 0 100.1  12.3  201  1  65.6  52.2  371.4  0.0  0.0  0.0  0.0  0.0  0.0  49.7  20  
1113Ra792887.50e-09 172.948 0 99.8  12.2  201  1  65.7  52.2  371.5  0.0  0.0  0.0  0.0  0.0  0.0  49.8  20  
1112Ra792937.50e-09 167.948 0 100.1  12.3  201  1  65.5  52.2  371.4  0.0  0.0  0.0  0.0  0.0  0.0  49.8  20  
1113Ra792987.50e-09 163.048 0 99.8  12.4  201  1  65.4  52.2  371.6  0.0  0.0  0.0  0.0  0.0  0.0  49.8  20  
1112Ra793037.50e-09 157.948 0 100.0  12.2  201  1  65.4  52.2  371.6  0.0  0.0  0.0  0.0  0.0  0.0  49.8  20  
1113Ra793087.50e-09 153.148 0 100.1  12.3  201  1  65.4  52.2  371.4  0.0  0.0  0.0  0.0  0.0  0.0  49.7  20  
1113Ra793137.50e-09 148.048 0 100.2  12.4  201  1  65.5  52.2  371.4  0.0  0.0  0.0  0.0  0.0  0.0  50.0  20  
1113Ra793187.50e-09 142.948 0 99.9  12.3  201  1  65.7  52.2  371.7  0.0  0.0  0.0  0.0  0.0  0.0  49.8  20  
1112Ra793237.50e-09 138.048 0 100.0  12.1  201  1  65.6  52.2  371.7  0.0  0.0  0.0  0.0  0.0  0.0  49.6  20  
1113Ra793287.50e-09 133.048 0 100.0  12.3  201  1  65.5  52.2  371.3  0.0  0.0  0.0  0.0  0.0  0.0  49.6  20  
1113Ra793337.50e-09 128.048 0 100.0  12.3  201  1  65.5  52.2  371.5  0.0  0.0  0.0  0.0  0.0  0.0  49.7  20  
1113Ra793387.50e-09 123.048 0 99.9  12.3  201  1  65.4  52.2  371.7  0.0  0.0  0.0  0.0  0.0  0.0  49.7  20  
1112Ra793437.50e-09 117.948 0 100.0  12.5  201  1  65.6  52.2  371.7  0.0  0.0  0.0  0.0  0.0  0.0  49.7  20  
1113Ra793487.50e-09 113.048 0 99.8  12.3  201  1  65.5  52.2  371.5  0.0  0.0  0.0  0.0  0.0  0.0  49.6  20  
1112Ra793537.50e-09 108.048 0 100.1  12.3  201  1  65.6  52.2  371.7  0.0  0.0  0.0  0.0  0.0  0.0  49.6  20  
1113Ra793587.50e-09 102.948 0 99.9  12.2  201  1  65.5  52.2  371.8  0.0  0.0  0.0  0.0  0.0  0.0  49.6  20  
1112Ra793637.50e-09 98.048 0 100.0  12.4  201  1  65.5  52.2  371.7  0.0  0.0  0.0  0.0  0.0  0.0  49.8  20  
1112Ra793687.50e-09 92.948 0 99.8  12.3  201  1  65.6  52.2  372.1  0.0  0.0  0.0  0.0  0.0  0.0  49.8  20  
1111Ra793737.50e-09 88.148 0 100.0  12.2  201  1  65.6  52.2  371.7  0.0  0.0  0.0  0.0  0.0  0.0  50.0  20  
1112Ra793787.50e-09 83.048 0 99.8  12.3  201  1  65.6  52.2  371.8  0.0  0.0  0.0  0.0  0.0  0.0  49.7  20  
1111Ra793837.50e-09 78.148 0 100.0  12.2  201  1  65.5  52.2  372.0  0.0  0.0  0.0  0.0  0.0  0.0  49.8  20  
1112Ra793887.50e-09 73.048 0 100.0  12.4  201  1  65.6  52.2  371.9  0.0  0.0  0.0  0.0  0.0  0.0  49.5  20  
1112Ra793937.50e-09 68.048 0 99.9  12.4  201  1  65.4  52.2  371.9  0.0  0.0  0.0  0.0  0.0  0.0  49.7  20  
1111Ra793987.50e-09 62.948 0 100.3  12.3  201  1  65.7  52.2  371.9  0.0  0.0  0.0  0.0  0.0  0.0  49.7  20  
1112Ra794037.50e-09 57.948 0 99.9  12.2  201  1  65.8  52.2  372.1  0.0  0.0  0.0  0.0  0.0  0.0  50.0  20  
1111Ra794087.50e-09 53.048 0 100.0  12.3  201  1  65.5  52.2  372.1  0.0  0.0  0.0  0.0  0.0  0.0  49.8  20  
1112Ra794137.50e-09 47.948 0 99.8  12.3  201  1  65.5  52.2  372.1  0.0  0.0  0.0  0.0  0.0  0.0  49.6  20  
1111Ra794187.50e-09 43.048 0 99.9  12.2  201  1  65.7  52.2  372.2  0.0  0.0  0.0  0.0  0.0  0.0  49.8  20  
1111Ra794237.50e-09 38.048 0 99.7  12.3  201  1  65.7  52.2  372.2  0.0  0.0  0.0  0.0  0.0  0.0  49.6  20  
1111Ra794287.50e-09 32.948 0 99.6  12.2  201  1  65.6  52.2  372.2  0.0  0.0  0.0  0.0  0.0  0.0  49.8  20  
1111Ra794337.50e-09 28.048 0 99.9  12.4  201  1  65.9  52.2  372.3  0.0  0.0  0.0  0.0  0.0  0.0  49.9  20  
1111Ra794387.50e-09 23.048 0 100.3  12.3  201  1  65.8  52.2  372.4  0.0  0.0  0.0  0.0  0.0  0.0  49.9  20  
1112Ra794437.50e-09 18.048 0 100.0  12.3  201  1  65.8  52.2  372.4  0.0  0.0  0.0  0.0  0.0  0.0  49.8  20  
1112Ra794487.50e-09 13.048 0 99.9  12.3  201  1  65.8  52.2  372.4  0.0  0.0  0.0  0.0  0.0  0.0  49.9  20  
1111Ra794537.50e-09 8.148 0 99.8  12.3  201  1  65.6  52.2  372.4  0.0  0.0  0.0  0.0  0.0  0.0  49.5  20  
1110Ra794587.50e-09 3.048 0 100.1  12.2  201  1  65.9  52.2  372.4  0.0  0.0  0.0  0.0  0.0  0.0  49.7  20  
1111Sa79461Pump_to_7E-05_Torr_ 3 0 384 5 On 6.99e-05 0.001 5 1 0.0  0.0  0.0  0.0  0.0  20  
1095R 794627.50e-03 0.001 0 0.0  0.0  0.0  0.0  0.0  
1056R 794671.27e-04 0.001 0 0.0  0.0  0.0  0.0  0.0  
1056pa79472
1014Pa80065Armin_Thin_200W_-_edited condition Wafer_slot_1
1061Sa80065Pump_to_5E-05_Torr_ 1 0 384 5 On 4.99e-05 0.001 5 1 0.0  0.0  0.0  0.0  0.0  20  
1095R 800657.50e-03 0.001 0 0.0  0.0  0.0  0.0  0.0  
1056R 800707.50e-03 0.001 0 0.0  0.0  0.0  0.0  0.0  
1056R 800757.50e-03 0.001 0 0.0  0.0  0.0  0.0  0.0  
1056R 800807.50e-03 0.001 0 0.0  0.0  0.0  0.0  0.0  
1056R 800852.82e-04 0.001 0 0.0  0.0  0.0  0.0  0.0  
1056R 800902.16e-04 0.001 0 0.0  0.0  0.0  0.0  0.0  
1056R 800951.94e-04 0.001 0 0.0  0.0  0.0  0.0  0.0  
1056R 801001.74e-04 0.001 0 0.0  0.0  0.0  0.0  0.0  
1056R 801051.57e-04 0.001 0 0.0  0.0  0.0  0.0  0.0  
1056R 801101.43e-04 0.001 0 0.0  0.0  0.0  0.0  0.0  
1056R 801151.31e-04 0.001 0 0.0  0.0  0.0  0.0  0.0  
1056R 801201.22e-04 0.001 0 0.0  0.0  0.0  0.0  0.0  
1056R 801251.16e-04 0.001 0 0.0  0.0  0.0  0.0  0.0  
1056R 801301.09e-04 0.001 0 0.0  0.0  0.0  0.0  0.0  
1056R 801351.02e-04 0.001 0 0.0  0.0  0.0  0.0  0.0  
1056R 801409.59e-05 0.001 0 0.0  0.0  0.0  0.0  0.0  
1056R 801459.02e-05 0.001 0 0.0  0.0  0.0  0.0  0.0  
1056R 801508.44e-05 0.001 0 0.0  0.0  0.0  0.0  0.0  
1056R 801558.11e-05 0.001 0 0.0  0.0  0.0  0.0  0.0  
1056R 801607.87e-05 0.001 0 0.0  0.0  0.0  0.0  0.0  
1056R 801657.67e-05 0.001 0 0.0  0.0  0.0  0.0  0.0  
1056R 801707.48e-05 0.001 0 0.0  0.0  0.0  0.0  0.0  
1056R 801757.32e-05 0.001 0 0.0  0.0  0.0  0.0  0.0  
1056R 801807.15e-05 0.001 0 0.0  0.0  0.0  0.0  0.0  
1056R 801856.99e-05 0.001 0 0.0  0.0  0.0  0.0  0.0  
1056R 801906.85e-05 0.001 0 0.0  0.0  0.0  0.0  0.0  
1056R 801956.71e-05 0.001 0 0.0  0.0  0.0  0.0  0.0  
1056R 802006.55e-05 0.001 0 0.0  0.0  0.0  0.0  0.0  
1056R 802056.41e-05 0.001 0 0.0  0.0  0.0  0.0  0.0  
1056R 802106.27e-05 0.001 0 0.0  0.0  0.0  0.0  0.0  
1056R 802156.14e-05 0.001 0 0.0  0.0  0.0  0.0  0.0  
1056R 802206.03e-05 0.001 0 0.0  0.0  0.0  0.0  0.0  
1056R 802255.97e-05 0.001 0 0.0  0.0  0.0  0.0  0.0  
1056R 802305.88e-05 0.001 0 0.0  0.0  0.0  0.0  0.0  
1056R 802355.83e-05 0.001 0 0.0  0.0  0.0  0.0  0.0  
1056R 802405.74e-05 0.001 0 0.0  0.0  0.0  0.0  0.0  
1056R 802455.70e-05 0.001 0 0.0  0.0  0.0  0.0  0.0  
1056R 802505.62e-05 0.001 0 0.0  0.0  0.0  0.0  0.0  
1056R 802555.55e-05 0.001 0 0.0  0.0  0.0  0.0  0.0  
1056R 802605.51e-05 0.001 0 0.0  0.0  0.0  0.0  0.0  
1056R 802655.41e-05 0.001 0 0.0  0.0  0.0  0.0  0.0  
1056R 802705.39e-05 0.001 0 0.0  0.0  0.0  0.0  0.0  
1056R 802755.32e-05 0.001 0 0.0  0.0  0.0  0.0  0.0  
1056R 802805.27e-05 0.001 0 0.0  0.0  0.0  0.0  0.0  
1056R 802855.22e-05 0.001 0 0.0  0.0  0.0  0.0  0.0  
1056R 802905.18e-05 0.001 0 0.0  0.0  0.0  0.0  0.0  
1056R 802955.13e-05 0.001 0 0.0  0.0  0.0  0.0  0.0  
1056R 803005.06e-05 0.001 0 0.0  0.0  0.0  0.0  0.0  
1056R 803055.03e-05 0.001 0 0.0  0.0  0.0  0.0  0.0  
1056R 803104.97e-05 0.001 0 0.0  0.0  0.0  0.0  0.0  
1056Sa80311Armin_SiN_CHF3_ 2 420 257 5 Off Off 7.50e-09 Off 420 5 1 30.0  0.0  pressure 30.4  0  0  200  0.0  0.0  0.0      0  50.0  0.0  0.0  100.0  5.0  20  
1162Ra803127.50e-09 420 0 0.0  90.0  0  0  70.7  47.7  0.0  0.0  0.0  0.0  0.0  0.0  0.4  0.0  20  
1102Ra803177.50e-09 420 0 30.2  31.6  0  0  70.7  47.7  0.0  0.0  0.0  50.0  0.0  0.0  99.9  4.9  20  
1105Ra803227.50e-09 419.17 0 30.1  32.4  201  2  84.3  51.2  433.4  0.0  0.0  49.2  0.0  0.0  99.4  4.6  20  
1112Ra803277.50e-09 414.07 0 30.5  31.5  201  1  72.8  52.0  434.2  0.0  0.0  50.2  0.0  0.0  99.7  4.9  20  
1112Ra803327.50e-09 409.07 0 30.3  31.9  201  1  69.9  52.3  435.4  0.0  0.0  50.3  0.0  0.0  99.8  4.8  20  
1112Ra803377.50e-09 404.17 0 30.5  32.0  201  1  69.0  52.4  436.5  0.0  0.0  49.9  0.0  0.0  99.8  4.9  20  
1112Ra803427.50e-09 399.07 0 30.5  32.0  201  1  68.9  52.4  438.2  0.0  0.0  49.6  0.0  0.0  99.5  4.6  20  
1112Ra803477.50e-09 393.97 0 30.6  32.1  201  1  69.1  52.4  439.6  0.0  0.0  50.3  0.0  0.0  99.8  4.9  20  
1112Ra803527.50e-09 389.17 0 30.3  32.0  201  1  69.1  52.4  439.5  0.0  0.0  49.7  0.0  0.0  99.8  4.9  20  
1112Ra803577.50e-09 384.07 0 30.5  32.1  201  1  69.0  52.4  439.7  0.0  0.0  49.9  0.0  0.0  99.8  4.8  20  
1112Ra803627.50e-09 378.97 0 30.5  31.9  201  1  69.0  52.4  439.4  0.0  0.0  49.9  0.0  0.0  99.8  4.8  20  
1112Ra803677.50e-09 374.07 0 30.3  31.9  201  1  69.1  52.4  439.7  0.0  0.0  50.1  0.0  0.0  99.9  5.0  20  
1112Ra803727.50e-09 369.07 0 30.4  32.0  201  1  69.2  52.4  440.3  0.0  0.0  50.2  0.0  0.0  99.9  4.8  20  
1112Ra803777.50e-09 364.17 0 30.4  31.9  201  1  69.2  52.4  440.1  0.0  0.0  49.4  0.0  0.0  99.6  4.8  20  
1112Ra803827.50e-09 359.07 0 30.3  31.7  201  1  69.0  52.4  440.2  0.0  0.0  49.6  0.0  0.0  99.7  4.7  20  
1112Ra803877.50e-09 354.07 0 30.3  32.0  201  1  69.2  52.4  440.3  0.0  0.0  49.8  0.0  0.0  99.9  4.8  20  
1112Ra803927.50e-09 349.17 0 30.2  32.0  201  1  69.2  52.4  440.2  0.0  0.0  49.9  0.0  0.0  99.7  4.9  20  
1112Ra803977.50e-09 344.07 0 30.4  31.8  201  1  69.3  52.4  440.5  0.0  0.0  49.8  0.0  0.0  99.5  4.7  20  
1112Ra804027.50e-09 338.97 0 30.4  31.9  201  1  69.1  52.4  440.4  0.0  0.0  49.8  0.0  0.0  99.6  4.7  20  
1112Ra804077.50e-09 334.07 0 30.5  31.9  201  1  69.2  52.4  440.5  0.0  0.0  50.2  0.0  0.0  99.9  5.0  20  
1112Ra804127.50e-09 328.97 0 30.5  31.7  201  1  69.2  52.4  440.1  0.0  0.0  50.1  0.0  0.0  99.8  4.9  20  
1112Ra804177.50e-09 324.17 0 30.5  31.7  201  1  69.0  52.4  440.2  0.0  0.0  50.2  0.0  0.0  99.7  4.8  20  
1112Ra804227.50e-09 319.07 0 30.5  32.0  201  1  68.9  52.4  440.5  0.0  0.0  49.6  0.0  0.0  99.8  4.7  20  
1112Ra804277.50e-09 313.97 0 30.3  31.7  201  1  69.1  52.4  440.4  0.0  0.0  49.6  0.0  0.0  99.7  4.8  20  
1112Ra804327.50e-09 309.07 0 30.5  31.7  201  1  69.4  52.4  440.3  0.0  0.0  50.3  0.0  0.0  99.9  4.9  20  
1112Ra804377.50e-09 304.07 0 30.5  32.0  201  1  69.2  52.4  440.4  0.0  0.0  49.5  0.0  0.0  99.9  4.8  20  
1112Ra804427.50e-09 298.97 0 30.2  31.8  201  1  69.1  52.3  440.4  0.0  0.0  49.7  0.0  0.0  99.7  4.7  20  
1112Ra804477.50e-09 294.07 0 30.5  31.7  201  1  69.1  52.3  440.1  0.0  0.0  49.6  0.0  0.0  99.4  4.7  20  
1112Ra804527.50e-09 289.07 0 30.4  31.7  201  1  69.0  52.3  440.1  0.0  0.0  49.8  0.0  0.0  99.6  4.8  20  
1112Ra804577.50e-09 283.97 0 30.4  31.9  201  1  69.4  52.3  440.4  0.0  0.0  49.7  0.0  0.0  99.6  4.7  20  
1112Ra804627.50e-09 279.07 0 30.4  31.6  201  1  69.1  52.3  440.5  0.0  0.0  49.6  0.0  0.0  99.8  4.6  20  
1112Ra804677.50e-09 273.97 0 30.5  31.7  201  1  69.2  52.3  440.4  0.0  0.0  50.1  0.0  0.0  99.9  4.8  20  
1112Ra804727.50e-09 269.17 0 30.2  31.8  201  1  69.1  52.3  440.3  0.0  0.0  49.7  0.0  0.0  99.7  4.8  20  
1112Ra804777.50e-09 264.07 0 30.5  31.8  201  1  69.0  52.3  440.5  0.0  0.0  49.5  0.0  0.0  99.6  4.7  20  
1112Ra804827.50e-09 258.97 0 30.5  31.7  201  1  69.2  52.3  440.4  0.0  0.0  50.3  0.0  0.0  99.8  4.9  20  
1112Ra804877.50e-09 254.07 0 30.4  31.7  201  1  69.2  52.3  440.4  0.0  0.0  50.4  0.0  0.0  99.9  5.0  20  
1112Ra804927.50e-09 249.07 0 30.4  31.6  201  1  69.2  52.3  440.6  0.0  0.0  49.6  0.0  0.0  99.7  4.7  20  
1112Ra804977.50e-09 243.97 0 30.4  31.7  201  1  69.0  52.3  440.5  0.0  0.0  49.4  0.0  0.0  99.6  4.7  20  
1112Ra805027.50e-09 239.07 0 30.3  31.6  201  1  68.9  52.3  440.7  0.0  0.0  50.2  0.0  0.0  99.9  4.8  20  
1112Ra805077.50e-09 234.07 0 30.4  31.6  201  1  69.2  52.3  440.8  0.0  0.0  49.7  0.0  0.0  99.5  4.7  20  
1112Ra805127.50e-09 228.97 0 30.3  31.6  201  1  69.1  52.3  440.8  0.0  0.0  49.9  0.0  0.0  99.8  4.7  20  
1112Ra805177.50e-09 224.07 0 30.5  31.6  201  1  69.2  52.3  440.7  0.0  0.0  49.6  0.0  0.0  99.8  4.8  20  
1112Ra805227.50e-09 218.97 0 30.5  31.7  201  1  69.2  52.3  440.8  0.0  0.0  49.6  0.0  0.0  99.5  4.6  20  
1112Ra805277.50e-09 214.17 0 30.3  31.7  201  1  69.2  52.3  440.9  0.0  0.0  50.4  0.0  0.0  100.0  5.0  20  
1113Ra805327.50e-09 209.07 0 30.3  31.7  201  1  69.2  52.3  440.9  0.0  0.0  49.5  0.0  0.0  99.5  4.7  20  
1112Ra805377.50e-09 203.97 0 30.5  31.7  201  1  69.2  52.3  440.9  0.0  0.0  49.8  0.0  0.0  99.4  4.8  20  
1112Ra805427.50e-09 199.07 0 30.3  31.6  201  1  69.1  52.3  441.0  0.0  0.0  49.6  0.0  0.0  99.6  4.8  20  
1112Ra805477.50e-09 193.97 0 30.5  31.6  201  1  69.2  52.3  441.1  0.0  0.0  49.9  0.0  0.0  99.7  4.7  20  
1112Ra805527.50e-09 189.07 0 30.2  31.6  201  1  69.2  52.3  441.1  0.0  0.0  49.5  0.0  0.0  99.5  4.7  20  
1112Ra805577.50e-09 183.97 0 30.4  31.7  201  1  69.2  52.3  441.3  0.0  0.0  50.2  0.0  0.0  99.7  5.0  20  
1112Ra805627.50e-09 179.07 0 30.4  31.7  201  1  69.2  52.3  441.0  0.0  0.0  49.9  0.0  0.0  99.7  4.9  20  
1112Ra805677.50e-09 174.07 0 30.4  31.6  201  1  69.3  52.3  441.1  0.0  0.0  49.8  0.0  0.0  99.5  4.7  20  
1112Ra805727.50e-09 168.97 0 30.4  31.6  201  1  69.0  52.3  441.3  0.0  0.0  50.2  0.0  0.0  99.7  4.8  20  
1112Ra805777.50e-09 164.07 0 30.6  31.6  201  1  69.1  52.3  441.7  0.0  0.0  49.8  0.0  0.0  99.8  4.8  20  
1112Ra805827.50e-09 159.07 0 30.5  31.5  201  1  69.3  52.3  441.2  0.0  0.0  49.8  0.0  0.0  99.8  4.9  20  
1112Ra805877.50e-09 153.97 0 30.3  31.6  201  1  69.2  52.3  441.4  0.0  0.0  49.9  0.0  0.0  100.0  4.9  20  
1113Ra805927.50e-09 148.97 0 30.6  31.6  201  1  69.1  52.3  441.6  0.0  0.0  49.8  0.0  0.0  99.9  4.9  20  
1112Ra805977.50e-09 144.07 0 30.3  31.6  201  1  69.3  52.3  441.2  0.0  0.0  49.4  0.0  0.0  99.4  4.7  20  
1112Ra806027.50e-09 138.97 0 30.6  31.6  201  1  69.3  52.3  441.3  0.0  0.0  49.9  0.0  0.0  99.8  4.9  20  
1112Ra806077.50e-09 133.97 0 30.5  31.8  201  1  69.2  52.3  441.6  0.0  0.0  49.7  0.0  0.0  99.6  4.6  20  
1112Ra806127.50e-09 129.07 0 30.6  31.6  201  1  69.1  52.3  441.7  0.0  0.0  50.0  0.0  0.0  99.9  5.0  20  
1112Ra806177.50e-09 123.97 0 30.5  31.6  201  1  69.2  52.3  441.3  0.0  0.0  49.8  0.0  0.0  99.6  4.6  20  
1112Ra806227.50e-09 119.17 0 30.1  31.6  201  1  69.2  52.3  441.6  0.0  0.0  49.6  0.0  0.0  99.5  4.8  20  
1112Ra806277.50e-09 114.07 0 30.3  31.7  201  1  69.4  52.3  441.5  0.0  0.0  50.2  0.0  0.0  99.9  4.9  20  
1112Ra806327.50e-09 108.97 0 30.3  31.7  201  1  69.1  52.3  441.5  0.0  0.0  49.7  0.0  0.0  99.9  4.9  20  
1112Ra806377.50e-09 104.07 0 30.4  31.6  201  1  69.5  52.3  441.4  0.0  0.0  49.9  0.0  0.0  99.7  4.8  20  
1112Ra806427.50e-09 99.07 0 30.2  31.7  201  1  69.2  52.3  441.6  0.0  0.0  49.8  0.0  0.0  99.7  4.8  20  
1111Ra806477.50e-09 93.97 0 30.3  31.6  201  1  69.3  52.3  441.7  0.0  0.0  49.5  0.0  0.0  99.5  4.9  20  
1111Ra806527.50e-09 89.07 0 30.4  31.6  201  1  69.0  52.3  441.6  0.0  0.0  49.9  0.0  0.0  99.7  4.9  20  
1111Ra806577.50e-09 83.97 0 30.5  31.6  201  1  69.4  52.3  441.6  0.0  0.0  49.4  0.0  0.0  99.6  4.6  20  
1111Ra806627.50e-09 78.97 0 30.3  31.7  201  1  69.3  52.3  441.4  0.0  0.0  49.5  0.0  0.0  99.8  4.8  20  
1111Ra806677.50e-09 74.07 0 30.3  31.5  201  1  69.2  52.3  441.5  0.0  0.0  50.2  0.0  0.0  100.1  5.0  20  
1112Ra806727.50e-09 68.97 0 30.5  31.6  201  1  69.1  52.3  441.7  0.0  0.0  50.1  0.0  0.0  99.9  4.9  20  
1111Ra806777.50e-09 63.87 0 30.5  31.7  201  1  69.2  52.3  441.8  0.0  0.0  50.3  0.0  0.0  99.9  4.9  20  
1111Ra806827.50e-09 59.07 0 30.3  31.6  201  1  69.3  52.3  441.8  0.0  0.0  49.5  0.0  0.0  99.6  4.8  20  
1111Ra806877.50e-09 53.97 0 30.2  31.6  201  1  69.3  52.3  441.8  0.0  0.0  49.7  0.0  0.0  99.7  4.8  20  
1111Ra806927.50e-09 48.87 0 30.4  31.6  201  1  69.6  52.3  441.9  0.0  0.0  49.6  0.0  0.0  99.5  4.7  20  
1111Ra806977.50e-09 43.97 0 30.3  31.5  201  1  69.5  52.3  442.0  0.0  0.0  50.0  0.0  0.0  100.0  4.7  20  
1112Ra807027.50e-09 38.87 0 30.6  31.6  201  1  69.3  52.3  441.6  0.0  0.0  49.8  0.0  0.0  99.8  4.8  20  
1111Ra807077.50e-09 33.97 0 30.4  31.6  201  1  69.2  52.3  442.0  0.0  0.0  49.9  0.0  0.0  99.7  4.8  20  
1111Ra807127.50e-09 29.07 0 30.5  31.6  201  1  69.4  52.3  442.1  0.0  0.0  50.0  0.0  0.0  99.8  4.7  20  
1111Ra807177.50e-09 23.97 0 30.6  31.7  201  1  69.5  52.3  441.9  0.0  0.0  50.1  0.0  0.0  100.1  4.8  20  
1112Ra807227.50e-09 19.07 0 30.5  31.7  201  1  69.2  52.3  442.1  0.0  0.0  50.2  0.0  0.0  99.7  4.8  20  
1111Ra807277.50e-09 13.97 0 30.2  31.6  201  1  69.2  52.3  442.4  0.0  0.0  49.9  0.0  0.0  99.9  4.8  20  
1111Ra807327.50e-09 8.87 0 30.3  31.7  201  1  69.3  52.3  442.2  0.0  0.0  49.9  0.0  0.0  99.5  4.7  20  
1110Ra807377.50e-09 3.97 0 30.6  31.7  201  1  69.6  52.3  442.2  0.0  0.0  49.8  0.0  0.0  99.6  4.8  20  
1110Sa80741Pump_to_7E-05_Torr_ 3 0 384 5 On 6.99e-05 0.001 5 1 0.0  0.0  0.0  0.0  0.0  20  
1095R 807417.50e-03 0.001 0 0.0  0.0  0.0  0.0  0.0  
1056R 807467.50e-03 0.001 0 0.0  0.0  0.0  0.0  0.0  
1056R 807511.10e-04 0.001 0 0.0  0.0  0.0  0.0  0.0  
1056R 807566.38e-05 0.001 0 0.0  0.0  0.0  0.0  0.0  
1056pa80757
1014Pa81060Armin_Thin_200W_-_edited calibrate Wafer_slot_1
1061Sa81060Pump_to_5E-05_Torr_ 1 0 384 5 On 4.99e-05 0.001 5 1 0.0  0.0  0.0  0.0  0.0  20  
1095R 810607.50e-03 0.001 0 0.0  0.0  0.0  0.0  0.0  
1056R 810657.50e-03 0.001 0 0.0  0.0  0.0  0.0  0.0  
1056R 810707.50e-03 0.001 0 0.0  0.0  0.0  0.0  0.0  
1056R 810757.50e-03 0.001 0 0.0  0.0  0.0  0.0  0.0  
1056R 810807.50e-03 0.001 0 0.0  0.0  0.0  0.0  0.0  
1056R 810857.50e-03 0.001 0 0.0  0.0  0.0  0.0  0.0  
1056R 810903.09e-04 0.001 0 0.0  0.0  0.0  0.0  0.0  
1056R 810952.45e-04 0.001 0 0.0  0.0  0.0  0.0  0.0  
1056R 811002.07e-04 0.001 0 0.0  0.0  0.0  0.0  0.0  
1056R 811051.90e-04 0.001 0 0.0  0.0  0.0  0.0  0.0  
1056R 811101.74e-04 0.001 0 0.0  0.0  0.0  0.0  0.0  
1056R 811151.59e-04 0.001 0 0.0  0.0  0.0  0.0  0.0  
1056R 811201.46e-04 0.001 0 0.0  0.0  0.0  0.0  0.0  
1056R 811251.35e-04 0.001 0 0.0  0.0  0.0  0.0  0.0  
1056R 811301.28e-04 0.001 0 0.0  0.0  0.0  0.0  0.0  
1056R 811351.20e-04 0.001 0 0.0  0.0  0.0  0.0  0.0  
1056R 811401.15e-04 0.001 0 0.0  0.0  0.0  0.0  0.0  
1056R 811451.09e-04 0.001 0 0.0  0.0  0.0  0.0  0.0  
1056R 811501.03e-04 0.001 0 0.0  0.0  0.0  0.0  0.0  
1056R 811559.72e-05 0.001 0 0.0  0.0  0.0  0.0  0.0  
1056R 811609.21e-05 0.001 0 0.0  0.0  0.0  0.0  0.0  
1056R 811658.76e-05 0.001 0 0.0  0.0  0.0  0.0  0.0  
1056R 811708.38e-05 0.001 0 0.0  0.0  0.0  0.0  0.0  
1056R 811758.14e-05 0.001 0 0.0  0.0  0.0  0.0  0.0  
1056R 811807.98e-05 0.001 0 0.0  0.0  0.0  0.0  0.0  
1056R 811857.84e-05 0.001 0 0.0  0.0  0.0  0.0  0.0  
1056R 811907.62e-05 0.001 0 0.0  0.0  0.0  0.0  0.0  
1056R 811957.48e-05 0.001 0 0.0  0.0  0.0  0.0  0.0  
1056R 812007.29e-05 0.001 0 0.0  0.0  0.0  0.0  0.0  
1056R 812057.18e-05 0.001 0 0.0  0.0  0.0  0.0  0.0  
1056R 812107.07e-05 0.001 0 0.0  0.0  0.0  0.0  0.0  
1056R 812156.96e-05 0.001 0 0.0  0.0  0.0  0.0  0.0  
1056R 812206.85e-05 0.001 0 0.0  0.0  0.0  0.0  0.0  
1056R 812256.74e-05 0.001 0 0.0  0.0  0.0  0.0  0.0  
1056R 812306.60e-05 0.001 0 0.0  0.0  0.0  0.0  0.0  
1056R 812356.52e-05 0.001 0 0.0  0.0  0.0  0.0  0.0  
1056R 812406.38e-05 0.001 0 0.0  0.0  0.0  0.0  0.0  
1056R 812456.33e-05 0.001 0 0.0  0.0  0.0  0.0  0.0  
1056R 812506.22e-05 0.001 0 0.0  0.0  0.0  0.0  0.0  
1056R 812556.16e-05 0.001 0 0.0  0.0  0.0  0.0  0.0  
1056R 812606.03e-05 0.001 0 0.0  0.0  0.0  0.0  0.0  
1056R 812655.97e-05 0.001 0 0.0  0.0  0.0  0.0  0.0  
1056R 812705.91e-05 0.001 0 0.0  0.0  0.0  0.0  0.0  
1056R 812755.86e-05 0.001 0 0.0  0.0  0.0  0.0  0.0  
1056R 812805.81e-05 0.001 0 0.0  0.0  0.0  0.0  0.0  
1056R 812855.77e-05 0.001 0 0.0  0.0  0.0  0.0  0.0  
1056R 812905.74e-05 0.001 0 0.0  0.0  0.0  0.0  0.0  
1056R 812955.69e-05 0.001 0 0.0  0.0  0.0  0.0  0.0  
1056R 813005.64e-05 0.001 0 0.0  0.0  0.0  0.0  0.0  
1056R 813055.58e-05 0.001 0 0.0  0.0  0.0  0.0  0.0  
1056R 813105.53e-05 0.001 0 0.0  0.0  0.0  0.0  0.0  
1056R 813155.48e-05 0.001 0 0.0  0.0  0.0  0.0  0.0  
1056R 813205.44e-05 0.001 0 0.0  0.0  0.0  0.0  0.0  
1056R 813255.41e-05 0.001 0 0.0  0.0  0.0  0.0  0.0  
1056R 813305.37e-05 0.001 0 0.0  0.0  0.0  0.0  0.0  
1056R 813355.30e-05 0.001 0 0.0  0.0  0.0  0.0  0.0  
1056R 813405.29e-05 0.001 0 0.0  0.0  0.0  0.0  0.0  
1056R 813455.27e-05 0.001 0 0.0  0.0  0.0  0.0  0.0  
1056R 813505.22e-05 0.001 0 0.0  0.0  0.0  0.0  0.0  
1056R 813555.17e-05 0.001 0 0.0  0.0  0.0  0.0  0.0  
1056R 813605.15e-05 0.001 0 0.0  0.0  0.0  0.0  0.0  
1056R 813655.11e-05 0.001 0 0.0  0.0  0.0  0.0  0.0  
1056R 813705.08e-05 0.001 0 0.0  0.0  0.0  0.0  0.0  
1056R 813755.03e-05 0.001 0 0.0  0.0  0.0  0.0  0.0  
1056R 813805.01e-05 0.001 0 0.0  0.0  0.0  0.0  0.0  
1056Sa81384Armin_SiN_CHF3_ 2 50 257 5 Off Off 7.50e-09 Off 50 5 1 30.0  0.0  pressure 30.4  0  0  200  0.0  0.0  0.0      0  50.0  0.0  0.0  100.0  5.0  20  
1160Ra813854.97e-05 50 0 0.0  90.0  0  0  70.7  47.7  0.0  0.0  0.0  0.0  0.0  0.0  0.0  0.0  20  
1101Ra813907.50e-09 50 0 30.5  32.2  0  0  70.7  47.7  0.0  0.0  0.0  50.0  0.0  0.0  99.8  5.0  20  
1104Ra813957.50e-09 49.528 0 30.3  32.5  201  5  75.9  51.6  431.4  0.0  0.0  49.4  0.0  0.0  99.4  4.4  20  
1112Ra814007.50e-09 44.628 0 30.3  32.4  201  0  70.9  52.3  436.9  0.0  0.0  50.0  0.0  0.0  99.8  4.9  20  
1112Ra814057.50e-09 39.528 0 30.6  32.0  201  1  69.5  52.4  438.2  0.0  0.0  49.8  0.0  0.0  99.7  4.7  20  
1112Ra814107.50e-09 34.528 0 30.4  32.2  201  1  69.2  52.4  439.1  0.0  0.0  50.1  0.0  0.0  99.8  4.9  20  
1112Ra814157.50e-09 29.628 0 30.4  32.2  201  1  69.1  52.4  439.6  0.0  0.0  49.7  0.0  0.0  99.7  4.7  20  
1112Ra814207.50e-09 24.528 0 30.2  32.4  201  1  69.0  52.4  439.9  0.0  0.0  49.6  0.0  0.0  99.3  4.5  20  
1112Ra814257.50e-09 19.628 0 30.3  32.3  201  1  69.0  52.4  439.8  0.0  0.0  50.0  0.0  0.0  99.8  4.9  20  
1112Ra814307.50e-09 14.528 0 30.4  32.3  201  1  69.3  52.4  439.7  0.0  0.0  50.0  0.0  0.0  99.5  4.7  20  
1112Ra814357.50e-09 9.428 0 30.4  32.3  201  1  69.2  52.4  439.9  0.0  0.0  49.5  0.0  0.0  99.8  4.7  20  
1111Ra814407.50e-09 4.528 0 30.2  32.1  201  1  69.0  52.4  439.8  0.0  0.0  50.1  0.0  0.0  100.0  4.8  20  
1112Sa81444Pump_to_7E-05_Torr_ 3 0 384 5 On 6.99e-05 0.001 5 1 0.0  0.0  0.0  0.0  0.0  20  
1095R 814457.50e-03 0.001 0 0.0  0.0  0.0  0.0  0.0  
1056R 814503.55e-04 0.001 0 0.0  0.0  0.0  0.0  0.0  
1056R 814551.16e-04 0.001 0 0.0  0.0  0.0  0.0  0.0  
1056R 814607.26e-05 0.001 0 0.0  0.0  0.0  0.0  0.0  
1056pa81463
1014Pa82339Armin_Thin_200W_-_edited QPAK_00511_THIN Wafer_slot_1
1067Sa82339Pump_to_5E-05_Torr_ 1 0 384 5 On 4.99e-05 0.001 5 1 0.0  0.0  0.0  0.0  0.0  20  
1095R 823405.15e-05 0.001 0 0.0  0.0  0.0  0.0  0.0  
1056R 823455.13e-05 0.001 0 0.0  0.0  0.0  0.0  0.0  
1056R 823505.10e-05 0.001 0 0.0  0.0  0.0  0.0  0.0  
1056R 823555.08e-05 0.001 0 0.0  0.0  0.0  0.0  0.0  
1056R 823605.06e-05 0.001 0 0.0  0.0  0.0  0.0  0.0  
1056R 823655.04e-05 0.001 0 0.0  0.0  0.0  0.0  0.0  
1056R 823705.01e-05 0.001 0 0.0  0.0  0.0  0.0  0.0  
1056R 823755.01e-05 0.001 0 0.0  0.0  0.0  0.0  0.0  
1056R 823804.99e-05 0.001 0 0.0  0.0  0.0  0.0  0.0  
1056Sa82380Armin_SiN_CHF3_ 2 45 257 5 Off Off 7.50e-09 Off 45 5 1 30.0  0.0  pressure 30.4  0  0  200  0.0  0.0  0.0      0  50.0  0.0  0.0  100.0  5.0  20  
1160Ra823817.50e-09 45 0 0.0  1.9  0  0  70.7  47.7  0.0  0.0  0.0  53.3  0.0  0.0  100.9  0.0  20  
1103Ra823867.50e-09 45 0 30.5  32.2  0  0  70.7  47.7  0.0  0.0  0.0  49.7  0.0  0.0  99.8  4.9  20  
1104Ra823917.50e-09 44.29 0 30.5  32.6  201  1  77.5  51.7  437.5  0.0  0.0  49.8  0.0  0.0  99.7  4.7  20  
1111Ra823967.50e-09 39.29 0 30.6  32.5  201  0  71.4  52.3  436.8  0.0  0.0  49.6  0.0  0.0  99.6  4.8  20  
1111Ra824017.50e-09 34.19 0 30.6  31.9  201  1  69.4  52.4  438.7  0.0  0.0  49.8  0.0  0.0  99.7  4.6  20  
1111Ra824067.50e-09 29.29 0 30.5  32.3  201  1  69.2  52.4  439.5  0.0  0.0  49.8  0.0  0.0  99.9  4.8  20  
1111Ra824117.50e-09 24.19 0 30.4  32.3  201  1  69.1  52.4  440.0  0.0  0.0  50.0  0.0  0.0  99.8  4.8  20  
1111Ra824167.50e-09 19.29 0 30.6  32.4  202  1  68.9  52.4  440.2  0.0  0.0  49.3  0.0  0.0  99.7  4.7  20  
1111Ra824217.50e-09 14.19 0 30.5  32.4  201  1  69.1  52.4  440.0  0.0  0.0  49.6  0.0  0.0  99.4  4.6  20  
1111Ra824267.50e-09 9.09 0 30.5  32.4  201  1  69.0  52.4  440.4  0.0  0.0  49.9  0.0  0.0  99.9  4.8  20  
1110Ra824317.50e-09 4.29 0 30.3  32.4  201  1  69.3  52.4  440.1  0.0  0.0  50.1  0.0  0.0  99.8  4.7  20  
1110Sa82435Pump_to_7E-05_Torr_ 3 0 384 5 On 6.99e-05 0.001 5 1 0.0  0.0  0.0  0.0  0.0  20  
1095R 824367.50e-03 0.001 0 0.0  0.0  0.0  0.0  0.0  
1056R 824413.20e-04 0.001 0 0.0  0.0  0.0  0.0  0.0  
1056R 824461.13e-04 0.001 0 0.0  0.0  0.0  0.0  0.0  
1056R 824517.34e-05 0.001 0 0.0  0.0  0.0  0.0  0.0  
1056pa82454
1014