0000D 838681 Log_Data_File 1561330800
1039C 8386846 Ignore_Tolerance scaO%s _ 1 263 0 0 Pump_To_Pressure scaO%s _ 2 415 0 0 Pump_Pressure %.2e%s _ 3 16799 1 415 Rf_Hold scaO%s _ 4 263 0 0 Step_Time %02d:%02d:%02d_%s _ 5 287 2 287 Log_Interval %02d:%02d:%02d%s _ 6 415 0 0 Pump_Time %02d:%02d:%02d_%s _ 7 415 3 287 Pressure %.1f_%s mTorr 8 263 4 263 Position %.1f_%s Deg 9 263 5 263 Position_Mode __%s _ 10 263 0 0 LPS_Strike_Pressure %.1f_%s mTorr 11 263 0 0 LPS_Dc_Bias %.f_%s volts 12 263 0 0 LPS_Ramp_Rate %.f_%s _ 13 263 0 0 HF_Power %.0f_%s W 14 263 6 263 HF_Reflected_Power %.0f_%s W 0 0 7 263 Lower_Magnitude %.1f_%s % 15 263 8 263 Lower_Phase %.1f_%s % 16 263 9 263 DC_Bias %.1f_%s V 0 0 10 263 Cap_Sel %u_%s _ 17 7 0 0 Helium_Pressure %.1f_%s Torr 18 287 11 263 Helium_Flow %.1f_%s _ 0 0 12 263 He_Leak_Mode %5u_%s _ 19 287 0 0 CHF3 %.1f_%s sccm 20 395 13 395 SF6 %.1f_%s sccm 21 395 14 395 CF4 %.1f_%s sccm 22 395 15 395 Ar %.1f_%s sccm 23 395 16 395 O2 %.1f_%s sccm 24 395 17 395 Gas_Line_Select %0.d%s _ 25 3 0 0 Gas_Name %0.f%s _ 26 3 0 0 Gas_Factor_asnumber %.3f_%s _ 27 3 0 0 Gas_Flow_asnumber %.3f_%s _ 28 3 0 0 Gas_Name %0.f%s _ 29 3 0 0 Gas_Factor_asnumber %.3f_%s _ 30 3 0 0 Gas_Flow_asnumber %.3f_%s _ 31 3 0 0 Gas_Name %0.f%s _ 32 3 0 0 Gas_Factor_asnumber %.3f_%s _ 33 3 0 0 Gas_Flow_asnumber %.3f_%s _ 34 3 0 0 Gas_Name %0.f%s _ 35 3 0 0 Gas_Factor_asnumber %.3f_%s _ 36 3 0 0 Gas_Flow_asnumber %.3f_%s _ 37 3 0 0 Gas_Name %0.f%s _ 38 3 0 0 Gas_Factor_asnumber %.3f_%s _ 39 3 0 0 Gas_Flow_asnumber %.3f_%s _ 40 3 0 0 CM_Gauge_Pressure %.1f_%s mTorr 0 0 18 280 Temp %.0f_%s C 41 391 0 0 Chiller_Temp %.0f_%s C 0 0 19 263 
2608Pa83868O2_-_Chamber_Clean <no_name> Wafer_slot_1
1055Sa83868Pump_to_5E-05_Torr_ 1 0 384 5 On 4.99e-05 0.001 5 1 0.0  0.0  0.0  0.0  0.0  20  
1095R 838687.50e-09 0 0 0.0  0.0  0.0  0.0  0.0  
1052Sa83871Chamber_Clean_ 2 300 257 5 Off Off 7.50e-09 Off 300 5 1 100.0  0.0  pressure 100.0  0  0  200  50.0  50.0  0.0      0  0.0  0.0  0.0  0.0  50.0  20  
1163Ra838721.66e-06 300 0 0.0  0.0  0  0  70.7  47.7  0.0  0.0  0.0  0.0  0.0  0.0  0.0  0.0  0  
1100pa83887
1014Pa84221O2_-_Chamber_Clean  Wafer_slot_1
1046Sa84221Pump_to_5E-05_Torr_ 1 0 384 5 On 4.99e-05 0.001 5 1 0.0  0.0  0.0  0.0  0.0  20  
1095R 842212.58e-06 0.001 0 0.0  0.0  0.0  0.0  0.0  
1056Sa84224Chamber_Clean_ 2 300 257 5 Off Off 7.50e-09 Off 300 5 1 100.0  0.0  pressure 100.0  0  0  200  50.0  50.0  0.0      0  0.0  0.0  0.0  0.0  50.0  20  
1163Ra842252.49e-06 300 0 0.0  59.1  0  0  70.7  47.7  0.0  0.0  0.0  0.0  0.0  0.0  0.0  0.0  20  
1102Ra842307.50e-09 300 0 99.8  12.4  0  0  50.0  50.0  0.0  0.0  0.0  0.0  0.0  0.0  0.0  49.9  20  
1104Ra842357.50e-09 299.934 0 99.9  12.2  150  98  48.2  50.3  146.6  0.0  0.0  0.0  0.0  0.0  0.0  50.3  20  
1113Ra842407.50e-09 298.046 0 100.0  12.6  201  5  56.9  53.4  372.8  0.0  0.0  0.0  0.0  0.0  0.0  49.8  20  
1113Ra842457.50e-09 293.046 0 100.1  12.5  201  3  58.4  52.8  374.1  0.0  0.0  0.0  0.0  0.0  0.0  49.7  20  
1113Ra842507.50e-09 287.946 0 100.1  12.4  201  2  60.0  52.6  376.2  0.0  0.0  0.0  0.0  0.0  0.0  49.9  20  
1113Ra842557.50e-09 283.046 0 100.2  12.7  201  2  60.8  52.5  377.0  0.0  0.0  0.0  0.0  0.0  0.0  49.7  20  
1113Ra842607.50e-09 278.046 0 100.2  12.3  201  1  61.4  52.4  377.6  0.0  0.0  0.0  0.0  0.0  0.0  49.7  20  
1113Ra842657.50e-09 272.946 0 100.2  12.4  201  1  61.5  52.4  377.8  0.0  0.0  0.0  0.0  0.0  0.0  50.0  20  
1113Ra842707.50e-09 268.046 0 99.9  12.5  201  1  61.7  52.4  377.6  0.0  0.0  0.0  0.0  0.0  0.0  49.5  20  
1112Ra842757.50e-09 262.946 0 100.1  12.4  201  1  61.9  52.4  378.1  0.0  0.0  0.0  0.0  0.0  0.0  49.8  20  
1113Ra842807.50e-09 257.846 0 100.2  12.3  201  1  61.9  52.3  378.2  0.0  0.0  0.0  0.0  0.0  0.0  49.6  20  
1113Ra842857.50e-09 253.046 0 100.0  12.5  201  1  61.9  52.3  378.1  0.0  0.0  0.0  0.0  0.0  0.0  49.8  20  
1113Ra842907.50e-09 247.946 0 100.1  12.5  201  1  61.8  52.3  377.9  0.0  0.0  0.0  0.0  0.0  0.0  49.8  20  
1113Ra842957.50e-09 243.046 0 99.8  12.3  201  1  61.8  52.3  378.4  0.0  0.0  0.0  0.0  0.0  0.0  49.8  20  
1112Ra843007.50e-09 238.046 0 100.1  12.5  201  1  62.0  52.3  378.5  0.0  0.0  0.0  0.0  0.0  0.0  49.9  20  
1113Ra843057.50e-09 232.846 0 99.7  12.5  201  1  62.0  52.3  378.3  0.0  0.0  0.0  0.0  0.0  0.0  49.8  20  
1112Ra843107.50e-09 228.046 0 99.9  12.4  201  1  61.9  52.3  378.8  0.0  0.0  0.0  0.0  0.0  0.0  49.8  20  
1112Ra843157.50e-09 222.946 0 100.1  12.3  201  1  62.0  52.3  379.3  0.0  0.0  0.0  0.0  0.0  0.0  49.9  20  
1113Ra843207.50e-09 218.046 0 100.1  12.3  201  1  62.1  52.3  379.1  0.0  0.0  0.0  0.0  0.0  0.0  50.0  20  
1113Ra843257.50e-09 212.946 0 99.8  12.5  201  1  62.1  52.3  379.1  0.0  0.0  0.0  0.0  0.0  0.0  49.9  20  
1112Ra843307.50e-09 207.946 0 100.3  12.2  201  1  62.0  52.3  379.3  0.0  0.0  0.0  0.0  0.0  0.0  49.7  20  
1113Ra843357.50e-09 203.046 0 100.1  12.3  201  1  61.9  52.3  379.3  0.0  0.0  0.0  0.0  0.0  0.0  49.7  20  
1113Ra843407.50e-09 197.946 0 100.1  12.3  201  1  62.1  52.3  379.1  0.0  0.0  0.0  0.0  0.0  0.0  49.7  20  
1113Ra843457.50e-09 192.846 0 99.9  12.3  201  1  62.1  52.3  379.4  0.0  0.0  0.0  0.0  0.0  0.0  49.7  20  
1112Ra843507.50e-09 188.046 0 100.1  12.4  201  1  62.1  52.3  379.6  0.0  0.0  0.0  0.0  0.0  0.0  49.9  20  
1113Ra843557.50e-09 182.946 0 100.1  12.4  201  1  62.1  52.3  379.5  0.0  0.0  0.0  0.0  0.0  0.0  49.8  20  
1113Ra843607.50e-09 177.846 0 100.1  12.3  201  1  62.0  52.3  379.7  0.0  0.0  0.0  0.0  0.0  0.0  49.8  20  
1113Ra843657.50e-09 173.046 0 99.7  12.4  201  1  62.0  52.3  379.9  0.0  0.0  0.0  0.0  0.0  0.0  49.9  20  
1112Ra843707.50e-09 167.946 0 100.1  12.3  201  1  62.2  52.3  380.1  0.0  0.0  0.0  0.0  0.0  0.0  49.8  20  
1113Ra843757.50e-09 163.046 0 100.1  12.3  201  1  62.0  52.3  380.2  0.0  0.0  0.0  0.0  0.0  0.0  49.7  20  
1113Ra843807.50e-09 157.946 0 100.1  12.3  201  1  62.2  52.3  380.1  0.0  0.0  0.0  0.0  0.0  0.0  49.8  20  
1113Ra843857.50e-09 153.046 0 99.8  12.5  201  1  62.1  52.3  379.9  0.0  0.0  0.0  0.0  0.0  0.0  49.8  20  
1112Ra843907.50e-09 147.946 0 99.8  12.4  201  1  62.1  52.3  380.1  0.0  0.0  0.0  0.0  0.0  0.0  49.9  20  
1112Ra843957.50e-09 142.946 0 100.1  12.3  201  1  62.3  52.3  380.0  0.0  0.0  0.0  0.0  0.0  0.0  49.6  20  
1113Ra844007.50e-09 138.046 0 99.9  12.3  201  1  62.1  52.3  380.1  0.0  0.0  0.0  0.0  0.0  0.0  49.9  20  
1112Ra844057.50e-09 132.946 0 99.9  12.3  201  1  62.3  52.3  380.0  0.0  0.0  0.0  0.0  0.0  0.0  49.7  20  
1112Ra844107.50e-09 127.846 0 99.9  12.4  201  1  62.3  52.3  380.0  0.0  0.0  0.0  0.0  0.0  0.0  49.7  20  
1112Ra844157.50e-09 123.046 0 99.8  12.3  201  1  62.1  52.3  380.2  0.0  0.0  0.0  0.0  0.0  0.0  49.9  20  
1112Ra844207.50e-09 117.946 0 99.8  12.5  201  1  62.2  52.3  379.8  0.0  0.0  0.0  0.0  0.0  0.0  49.5  20  
1112Ra844257.50e-09 112.846 0 100.2  12.4  201  1  62.2  52.3  379.6  0.0  0.0  0.0  0.0  0.0  0.0  50.0  20  
1113Ra844307.50e-09 107.946 0 100.0  12.4  201  1  62.1  52.3  379.5  0.0  0.0  0.0  0.0  0.0  0.0  49.9  20  
1113Ra844357.50e-09 102.946 0 100.2  12.4  201  1  62.0  52.3  379.8  0.0  0.0  0.0  0.0  0.0  0.0  49.9  20  
1113Ra844407.50e-09 98.046 0 100.2  12.3  201  1  62.1  52.3  379.9  0.0  0.0  0.0  0.0  0.0  0.0  49.7  20  
1112Ra844457.50e-09 92.946 0 100.1  12.4  201  1  62.0  52.3  380.0  0.0  0.0  0.0  0.0  0.0  0.0  50.0  20  
1112Ra844507.50e-09 87.946 0 99.9  12.3  201  1  62.2  52.3  379.8  0.0  0.0  0.0  0.0  0.0  0.0  49.8  20  
1111Ra844557.50e-09 83.046 0 99.9  12.3  201  1  62.0  52.3  380.0  0.0  0.0  0.0  0.0  0.0  0.0  49.9  20  
1111Ra844607.50e-09 77.946 0 100.1  12.3  201  1  62.0  52.3  379.8  0.0  0.0  0.0  0.0  0.0  0.0  49.7  20  
1112Ra844657.50e-09 72.846 0 100.0  12.3  201  1  61.9  52.3  379.9  0.0  0.0  0.0  0.0  0.0  0.0  50.0  20  
1112Ra844707.50e-09 68.046 0 100.0  12.4  201  1  62.1  52.4  379.9  0.0  0.0  0.0  0.0  0.0  0.0  49.7  20  
1112Ra844757.50e-09 62.946 0 100.1  12.4  201  1  62.1  52.4  379.7  0.0  0.0  0.0  0.0  0.0  0.0  50.0  20  
1112Ra844807.50e-09 57.846 0 100.0  12.4  201  1  62.0  52.4  380.0  0.0  0.0  0.0  0.0  0.0  0.0  49.8  20  
1112Ra844857.50e-09 52.946 0 100.0  12.3  201  1  62.0  52.4  379.9  0.0  0.0  0.0  0.0  0.0  0.0  49.8  20  
1112Ra844907.50e-09 47.946 0 100.1  12.4  201  1  62.2  52.4  379.9  0.0  0.0  0.0  0.0  0.0  0.0  49.6  20  
1112Ra844957.50e-09 42.846 0 99.9  12.3  201  1  62.0  52.4  379.9  0.0  0.0  0.0  0.0  0.0  0.0  49.7  20  
1111Ra845007.50e-09 37.946 0 99.8  12.3  201  1  61.8  52.4  380.3  0.0  0.0  0.0  0.0  0.0  0.0  49.8  20  
1111Ra845057.50e-09 32.946 0 99.8  12.3  201  1  62.2  52.4  380.2  0.0  0.0  0.0  0.0  0.0  0.0  49.9  20  
1111Ra845107.50e-09 28.046 0 100.3  12.4  201  1  62.1  52.4  380.5  0.0  0.0  0.0  0.0  0.0  0.0  49.7  20  
1112Ra845157.50e-09 22.946 0 100.2  12.4  201  1  62.1  52.4  380.3  0.0  0.0  0.0  0.0  0.0  0.0  50.1  20  
1112Ra845207.50e-09 17.946 0 99.8  12.5  201  1  62.2  52.4  380.4  0.0  0.0  0.0  0.0  0.0  0.0  49.8  20  
1111Ra845257.50e-09 12.946 0 99.8  12.4  201  1  62.1  52.4  380.3  0.0  0.0  0.0  0.0  0.0  0.0  49.8  20  
1111Ra845307.50e-09 7.846 0 100.0  12.4  201  1  62.1  52.4  380.5  0.0  0.0  0.0  0.0  0.0  0.0  49.9  20  
1111Ra845357.50e-09 2.946 0 99.9  12.4  201  1  62.1  52.4  380.4  0.0  0.0  0.0  0.0  0.0  0.0  49.9  20  
1110Sa84538Pump_to_5E-05_Torr_ 3 0 384 5 On 4.99e-05 0.001 5 1 0.0  0.0  0.0  0.0  0.0  20  
1095R 845397.50e-03 0.001 0 0.0  0.0  0.0  0.0  0.0  
1056R 845441.09e-04 0.001 0 0.0  0.0  0.0  0.0  0.0  
1056R 845494.09e-05 0.001 0 0.0  0.0  0.0  0.0  0.0  
1056pa84550
1014