0000D 002041 Log_Data_File 1561503600
1039C 0020446 Ignore_Tolerance scaO%s _ 1 263 0 0 Pump_To_Pressure scaO%s _ 2 415 0 0 Pump_Pressure %.2e%s _ 3 16799 1 415 Rf_Hold scaO%s _ 4 263 0 0 Step_Time %02d:%02d:%02d_%s _ 5 287 2 287 Log_Interval %02d:%02d:%02d%s _ 6 415 0 0 Pump_Time %02d:%02d:%02d_%s _ 7 415 3 287 Pressure %.1f_%s mTorr 8 263 4 263 Position %.1f_%s Deg 9 263 5 263 Position_Mode __%s _ 10 263 0 0 LPS_Strike_Pressure %.1f_%s mTorr 11 263 0 0 LPS_Dc_Bias %.f_%s volts 12 263 0 0 LPS_Ramp_Rate %.f_%s _ 13 263 0 0 HF_Power %.0f_%s W 14 263 6 263 HF_Reflected_Power %.0f_%s W 0 0 7 263 Lower_Magnitude %.1f_%s % 15 263 8 263 Lower_Phase %.1f_%s % 16 263 9 263 DC_Bias %.1f_%s V 0 0 10 263 Cap_Sel %u_%s _ 17 7 0 0 Helium_Pressure %.1f_%s Torr 18 287 11 263 Helium_Flow %.1f_%s _ 0 0 12 263 He_Leak_Mode %5u_%s _ 19 287 0 0 CHF3 %.1f_%s sccm 20 395 13 395 SF6 %.1f_%s sccm 21 395 14 395 CF4 %.1f_%s sccm 22 395 15 395 Ar %.1f_%s sccm 23 395 16 395 O2 %.1f_%s sccm 24 395 17 395 Gas_Line_Select %0.d%s _ 25 3 0 0 Gas_Name %0.f%s _ 26 3 0 0 Gas_Factor_asnumber %.3f_%s _ 27 3 0 0 Gas_Flow_asnumber %.3f_%s _ 28 3 0 0 Gas_Name %0.f%s _ 29 3 0 0 Gas_Factor_asnumber %.3f_%s _ 30 3 0 0 Gas_Flow_asnumber %.3f_%s _ 31 3 0 0 Gas_Name %0.f%s _ 32 3 0 0 Gas_Factor_asnumber %.3f_%s _ 33 3 0 0 Gas_Flow_asnumber %.3f_%s _ 34 3 0 0 Gas_Name %0.f%s _ 35 3 0 0 Gas_Factor_asnumber %.3f_%s _ 36 3 0 0 Gas_Flow_asnumber %.3f_%s _ 37 3 0 0 Gas_Name %0.f%s _ 38 3 0 0 Gas_Factor_asnumber %.3f_%s _ 39 3 0 0 Gas_Flow_asnumber %.3f_%s _ 40 3 0 0 CM_Gauge_Pressure %.1f_%s mTorr 0 0 18 280 Temp %.0f_%s C 41 391 0 0 Chiller_Temp %.0f_%s C 0 0 19 263 
2608Pa00204Armin_Drill_200W_-_edited CALIBRATE Wafer_slot_1
1062Sa00204Pump_to_5E-05_Torr_ 1 0 384 5 On 4.99e-05 0.001 5 1 0.0  0.0  0.0  0.0  0.0  20  
1095R 002041.01e-04 0.001 0 0.0  0.0  0.0  0.0  0.0  
1056R 002099.72e-05 0.001 0 0.0  0.0  0.0  0.0  0.0  
1056R 002149.47e-05 0.001 0 0.0  0.0  0.0  0.0  0.0  
1056R 002199.27e-05 0.001 0 0.0  0.0  0.0  0.0  0.0  
1056R 002248.95e-05 0.001 0 0.0  0.0  0.0  0.0  0.0  
1056R 002298.83e-05 0.001 0 0.0  0.0  0.0  0.0  0.0  
1056R 002348.44e-05 0.001 0 0.0  0.0  0.0  0.0  0.0  
1056R 002398.25e-05 0.001 0 0.0  0.0  0.0  0.0  0.0  
1056R 002448.17e-05 0.001 0 0.0  0.0  0.0  0.0  0.0  
1056R 002498.09e-05 0.001 0 0.0  0.0  0.0  0.0  0.0  
1056R 002547.95e-05 0.001 0 0.0  0.0  0.0  0.0  0.0  
1056R 002597.89e-05 0.001 0 0.0  0.0  0.0  0.0  0.0  
1056R 002647.78e-05 0.001 0 0.0  0.0  0.0  0.0  0.0  
1056R 002697.67e-05 0.001 0 0.0  0.0  0.0  0.0  0.0  
1056R 002747.59e-05 0.001 0 0.0  0.0  0.0  0.0  0.0  
1056R 002797.51e-05 0.001 0 0.0  0.0  0.0  0.0  0.0  
1056R 002847.45e-05 0.001 0 0.0  0.0  0.0  0.0  0.0  
1056R 002897.37e-05 0.001 0 0.0  0.0  0.0  0.0  0.0  
1056R 002947.29e-05 0.001 0 0.0  0.0  0.0  0.0  0.0  
1056R 002997.26e-05 0.001 0 0.0  0.0  0.0  0.0  0.0  
1056R 003047.18e-05 0.001 0 0.0  0.0  0.0  0.0  0.0  
1056R 003097.15e-05 0.001 0 0.0  0.0  0.0  0.0  0.0  
1056R 003147.04e-05 0.001 0 0.0  0.0  0.0  0.0  0.0  
1056R 003197.02e-05 0.001 0 0.0  0.0  0.0  0.0  0.0  
1056R 003246.93e-05 0.001 0 0.0  0.0  0.0  0.0  0.0  
1056R 003296.91e-05 0.001 0 0.0  0.0  0.0  0.0  0.0  
1056R 003346.82e-05 0.001 0 0.0  0.0  0.0  0.0  0.0  
1056R 003396.77e-05 0.001 0 0.0  0.0  0.0  0.0  0.0  
1056R 003446.71e-05 0.001 0 0.0  0.0  0.0  0.0  0.0  
1056R 003496.69e-05 0.001 0 0.0  0.0  0.0  0.0  0.0  
1056R 003546.60e-05 0.001 0 0.0  0.0  0.0  0.0  0.0  
1056R 003596.52e-05 0.001 0 0.0  0.0  0.0  0.0  0.0  
1056R 003646.47e-05 0.001 0 0.0  0.0  0.0  0.0  0.0  
1056R 003696.44e-05 0.001 0 0.0  0.0  0.0  0.0  0.0  
1056R 003746.36e-05 0.001 0 0.0  0.0  0.0  0.0  0.0  
1056R 003796.33e-05 0.001 0 0.0  0.0  0.0  0.0  0.0  
1056R 003846.27e-05 0.001 0 0.0  0.0  0.0  0.0  0.0  
1056R 003896.25e-05 0.001 0 0.0  0.0  0.0  0.0  0.0  
1056R 003946.19e-05 0.001 0 0.0  0.0  0.0  0.0  0.0  
1056R 003996.14e-05 0.001 0 0.0  0.0  0.0  0.0  0.0  
1056R 004046.08e-05 0.001 0 0.0  0.0  0.0  0.0  0.0  
1056R 004096.05e-05 0.001 0 0.0  0.0  0.0  0.0  0.0  
1056R 004146.03e-05 0.001 0 0.0  0.0  0.0  0.0  0.0  
1056R 004196.00e-05 0.001 0 0.0  0.0  0.0  0.0  0.0  
1056R 004245.97e-05 0.001 0 0.0  0.0  0.0  0.0  0.0  
1056R 004295.95e-05 0.001 0 0.0  0.0  0.0  0.0  0.0  
1056R 004345.93e-05 0.001 0 0.0  0.0  0.0  0.0  0.0  
1056R 004395.91e-05 0.001 0 0.0  0.0  0.0  0.0  0.0  
1056R 004445.88e-05 0.001 0 0.0  0.0  0.0  0.0  0.0  
1056R 004495.83e-05 0.001 0 0.0  0.0  0.0  0.0  0.0  
1056R 004545.83e-05 0.001 0 0.0  0.0  0.0  0.0  0.0  
1056R 004595.81e-05 0.001 0 0.0  0.0  0.0  0.0  0.0  
1056R 004645.79e-05 0.001 0 0.0  0.0  0.0  0.0  0.0  
1056R 004695.76e-05 0.001 0 0.0  0.0  0.0  0.0  0.0  
1056R 004745.72e-05 0.001 0 0.0  0.0  0.0  0.0  0.0  
1056R 004795.70e-05 0.001 0 0.0  0.0  0.0  0.0  0.0  
1056R 004845.69e-05 0.001 0 0.0  0.0  0.0  0.0  0.0  
1056R 004895.64e-05 0.001 0 0.0  0.0  0.0  0.0  0.0  
1056R 004945.60e-05 0.001 0 0.0  0.0  0.0  0.0  0.0  
1056R 004995.60e-05 0.001 0 0.0  0.0  0.0  0.0  0.0  
1056R 005045.58e-05 0.001 0 0.0  0.0  0.0  0.0  0.0  
1056R 005095.55e-05 0.001 0 0.0  0.0  0.0  0.0  0.0  
1056R 005145.55e-05 0.001 0 0.0  0.0  0.0  0.0  0.0  
1056R 005195.51e-05 0.001 0 0.0  0.0  0.0  0.0  0.0  
1056R 005245.48e-05 0.001 0 0.0  0.0  0.0  0.0  0.0  
1056R 005295.46e-05 0.001 0 0.0  0.0  0.0  0.0  0.0  
1056R 005345.44e-05 0.001 0 0.0  0.0  0.0  0.0  0.0  
1056R 005395.43e-05 0.001 0 0.0  0.0  0.0  0.0  0.0  
1056R 005445.39e-05 0.001 0 0.0  0.0  0.0  0.0  0.0  
1056R 005495.37e-05 0.001 0 0.0  0.0  0.0  0.0  0.0  
1056R 005545.36e-05 0.001 0 0.0  0.0  0.0  0.0  0.0  
1056R 005595.36e-05 0.001 0 0.0  0.0  0.0  0.0  0.0  
1056R 005645.32e-05 0.001 0 0.0  0.0  0.0  0.0  0.0  
1056R 005695.30e-05 0.001 0 0.0  0.0  0.0  0.0  0.0  
1056R 005745.29e-05 0.001 0 0.0  0.0  0.0  0.0  0.0  
1056R 005795.25e-05 0.001 0 0.0  0.0  0.0  0.0  0.0  
1056R 005845.22e-05 0.001 0 0.0  0.0  0.0  0.0  0.0  
1056R 005895.24e-05 0.001 0 0.0  0.0  0.0  0.0  0.0  
1056R 005945.20e-05 0.001 0 0.0  0.0  0.0  0.0  0.0  
1056R 005995.18e-05 0.001 0 0.0  0.0  0.0  0.0  0.0  
1056R 006045.17e-05 0.001 0 0.0  0.0  0.0  0.0  0.0  
1056R 006095.15e-05 0.001 0 0.0  0.0  0.0  0.0  0.0  
1056R 006145.11e-05 0.001 0 0.0  0.0  0.0  0.0  0.0  
1056R 006195.10e-05 0.001 0 0.0  0.0  0.0  0.0  0.0  
1056R 006245.10e-05 0.001 0 0.0  0.0  0.0  0.0  0.0  
1056R 006295.06e-05 0.001 0 0.0  0.0  0.0  0.0  0.0  
1056R 006345.06e-05 0.001 0 0.0  0.0  0.0  0.0  0.0  
1056R 006395.03e-05 0.001 0 0.0  0.0  0.0  0.0  0.0  
1056R 006445.01e-05 0.001 0 0.0  0.0  0.0  0.0  0.0  
1056R 006495.01e-05 0.001 0 0.0  0.0  0.0  0.0  0.0  
1056Sa00654Armin_SiN_CHF3_ 2 50 257 5 Off Off 7.50e-09 Off 50 5 1 30.0  0.0  pressure 30.4  100  10  200  0.0  0.0  0.0      0  50.0  0.0  0.0  100.0  5.0  20  
1163Ra006547.50e-09 50 0 0.0  90.0  0  0  70.7  47.7  0.0  0.0  0.0  0.0  0.0  0.0  0.3  0.0  20  
1101Ra006597.50e-09 50 0 30.3  32.4  0  0  70.7  47.7  0.0  0.0  0.0  49.8  0.0  0.0  99.7  4.8  20  
1104Ra006647.50e-09 49.674 0 29.8  32.9  202  7  74.1  51.3  432.6  0.0  0.0  49.4  0.0  0.0  99.5  4.6  20  
1112Ra006697.50e-09 44.774 0 29.9  32.7  201  0  68.1  52.2  437.6  0.0  0.0  50.2  0.0  0.0  99.9  4.9  20  
1112Ra006747.50e-09 39.774 0 30.0  32.5  201  1  65.6  52.4  439.2  0.0  0.0  49.5  0.0  0.0  99.4  4.7  20  
1112Ra006797.50e-09 34.674 0 30.1  32.6  201  1  64.7  52.4  439.9  0.0  0.0  49.9  0.0  0.0  99.5  4.6  20  
1112Ra006847.50e-09 29.774 0 29.9  32.7  201  1  64.6  52.5  440.4  0.0  0.0  49.1  0.0  0.0  99.2  4.7  20  
1112Ra006897.50e-09 24.674 0 30.1  32.7  201  1  64.5  52.5  440.3  0.0  0.0  49.7  0.0  0.0  99.9  4.8  20  
1112Ra006947.50e-09 19.774 0 30.1  32.7  201  1  64.3  52.5  440.4  0.0  0.0  49.4  0.0  0.0  99.7  4.7  20  
1112Ra006997.50e-09 14.674 0 29.8  32.7  201  1  64.4  52.5  440.4  0.0  0.0  50.1  0.0  0.0  99.4  4.7  20  
1112Ra007047.50e-09 9.674 0 29.9  32.6  201  1  64.5  52.5  440.5  0.0  0.0  49.1  0.0  0.0  99.4  4.5  20  
1111Ra007097.50e-09 4.774 0 30.1  32.7  201  1  64.4  52.5  440.5  0.0  0.0  50.2  0.0  0.0  99.9  4.9  20  
1111Sa00713Pump_to_7E-05_Torr_ 3 0 384 5 On 7.51e-05 0.001 5 1 0.0  0.0  0.0  0.0  0.0  20  
1095R 007147.50e-03 0.001 0 0.0  0.0  0.0  0.0  0.0  
1056R 007193.91e-04 0.001 0 0.0  0.0  0.0  0.0  0.0  
1056R 007241.21e-04 0.001 0 0.0  0.0  0.0  0.0  0.0  
1056R 007297.54e-05 0.001 0 0.0  0.0  0.0  0.0  0.0  
1056pa00731
1014Pa01854Armin_Drill_200W_-_edited QPAK_00515_DRILL Wafer_slot_1
1069Sa01854Pump_to_5E-05_Torr_ 1 0 384 5 On 4.99e-05 0.001 5 1 0.0  0.0  0.0  0.0  0.0  20  
1095R 018545.32e-05 0.001 0 0.0  0.0  0.0  0.0  0.0  
1056R 018595.30e-05 0.001 0 0.0  0.0  0.0  0.0  0.0  
1056R 018645.29e-05 0.001 0 0.0  0.0  0.0  0.0  0.0  
1056R 018695.27e-05 0.001 0 0.0  0.0  0.0  0.0  0.0  
1056R 018745.25e-05 0.001 0 0.0  0.0  0.0  0.0  0.0  
1056R 018795.20e-05 0.001 0 0.0  0.0  0.0  0.0  0.0  
1056R 018845.18e-05 0.001 0 0.0  0.0  0.0  0.0  0.0  
1056R 018895.18e-05 0.001 0 0.0  0.0  0.0  0.0  0.0  
1056R 018945.17e-05 0.001 0 0.0  0.0  0.0  0.0  0.0  
1056R 018995.13e-05 0.001 0 0.0  0.0  0.0  0.0  0.0  
1056R 019045.11e-05 0.001 0 0.0  0.0  0.0  0.0  0.0  
1056R 019095.10e-05 0.001 0 0.0  0.0  0.0  0.0  0.0  
1056R 019145.06e-05 0.001 0 0.0  0.0  0.0  0.0  0.0  
1056R 019195.04e-05 0.001 0 0.0  0.0  0.0  0.0  0.0  
1056R 019245.03e-05 0.001 0 0.0  0.0  0.0  0.0  0.0  
1056R 019295.01e-05 0.001 0 0.0  0.0  0.0  0.0  0.0  
1056R 019344.97e-05 0.001 0 0.0  0.0  0.0  0.0  0.0  
1056Sa01935Armin_SiN_CHF3_ 2 95 257 5 Off Off 7.50e-09 Off 95 5 1 30.0  0.0  pressure 30.4  100  10  200  0.0  0.0  0.0      0  50.0  0.0  0.0  100.0  5.0  20  
1163Ra019364.97e-05 95 0 0.0  90.0  0  0  70.7  47.7  0.0  0.0  0.0  0.0  0.0  0.0  0.0  0.0  20  
1101Ra019417.50e-09 95 0 30.5  32.3  0  0  70.7  47.7  0.0  0.0  0.0  49.9  0.0  0.0  99.9  4.8  20  
1104Ra019467.50e-09 94.4 0 30.0  33.0  201  2  76.2  51.3  440.3  0.0  0.0  49.3  0.0  0.0  99.4  4.6  20  
1110Ra019517.50e-09 89.3 0 30.3  32.8  201  0  67.9  52.2  438.1  0.0  0.0  50.0  0.0  0.0  99.7  4.8  20  
1110Ra019567.50e-09 84.5 0 30.3  32.2  201  1  65.8  52.4  439.1  0.0  0.0  50.0  0.0  0.0  99.8  4.8  20  
1110Ra019617.50e-09 79.4 0 30.1  32.6  201  1  64.6  52.5  439.6  0.0  0.0  49.5  0.0  0.0  99.4  4.7  20  
1110Ra019667.50e-09 74.5 0 30.0  32.7  201  1  64.5  52.5  439.9  0.0  0.0  50.1  0.0  0.0  100.0  4.9  20  
1111Ra019717.50e-09 69.4 0 30.3  32.6  201  1  64.3  52.5  440.2  0.0  0.0  49.4  0.0  0.0  99.5  4.7  20  
1110Ra019767.50e-09 64.3 0 29.8  32.6  201  1  64.5  52.5  440.4  0.0  0.0  49.9  0.0  0.0  99.4  4.7  20  
1110Ra019817.50e-09 59.4 0 30.0  32.6  201  1  64.3  52.5  440.0  0.0  0.0  50.1  0.0  0.0  99.8  4.8  20  
1110Ra019867.50e-09 54.4 0 30.1  32.7  201  1  64.6  52.5  440.7  0.0  0.0  49.6  0.0  0.0  99.4  4.8  20  
1110Ra019917.50e-09 49.5 0 29.9  32.7  201  1  64.7  52.5  440.8  0.0  0.0  49.4  0.0  0.0  99.4  4.5  20  
1110Ra019967.50e-09 44.4 0 30.0  32.5  201  1  64.5  52.4  440.8  0.0  0.0  50.1  0.0  0.0  99.8  4.8  20  
1110Ra020017.50e-09 39.4 0 29.8  32.7  201  1  64.5  52.4  441.1  0.0  0.0  49.6  0.0  0.0  99.8  4.8  20  
1110Ra020067.50e-09 34.5 0 29.7  32.5  201  1  64.7  52.4  441.3  0.0  0.0  49.3  0.0  0.0  99.8  4.8  20  
1110Ra020117.50e-09 29.4 0 30.0  32.4  201  1  64.5  52.4  441.2  0.0  0.0  49.8  0.0  0.0  99.7  4.8  20  
1110Ra020167.50e-09 24.3 0 29.9  32.4  201  1  64.4  52.4  441.3  0.0  0.0  49.9  0.0  0.0  99.7  4.6  20  
1110Ra020217.50e-09 19.5 0 29.8  32.5  201  1  64.5  52.4  441.2  0.0  0.0  50.2  0.0  0.0  100.0  5.0  20  
1111Ra020267.50e-09 14.4 0 30.0  32.3  201  1  64.6  52.5  441.4  0.0  0.0  49.5  0.0  0.0  99.7  4.6  20  
1110Ra020317.50e-09 9.3 0 29.8  32.3  201  1  64.5  52.5  441.4  0.0  0.0  50.2  0.0  0.0  99.7  4.9  20  
1109Ra020367.50e-09 4.4 0 30.0  32.3  201  1  64.7  52.5  441.4  0.0  0.0  49.6  0.0  0.0  99.7  4.8  20  
1109Sa02040Pump_to_7E-05_Torr_ 3 0 384 5 On 7.51e-05 0.001 5 1 0.0  0.0  0.0  0.0  0.0  20  
1095R 020417.50e-03 0.001 0 0.0  0.0  0.0  0.0  0.0  
1056R 020463.32e-04 0.001 0 0.0  0.0  0.0  0.0  0.0  
1056R 020511.15e-04 0.001 0 0.0  0.0  0.0  0.0  0.0  
1056R 020567.32e-05 0.001 0 0.0  0.0  0.0  0.0  0.0  
1056pa02057
1014Pa03397Armin_Drill_200W_-_edited QPAK_00516_DRILL Wafer_slot_1
1069Sa03397Pump_to_5E-05_Torr_ 1 0 384 5 On 4.99e-05 0.001 5 1 0.0  0.0  0.0  0.0  0.0  20  
1095R 033975.36e-05 0.001 0 0.0  0.0  0.0  0.0  0.0  
1056Ra034025.32e-05 0.001 0 0.0  90.0  0  0  70.7  47.7  0.0  0.0  0.0  0.0  0.0  0.0  0.0  0.0  20  
1104R 034075.32e-05 0.001 0 0.0  0.0  0.0  0.0  0.0  
1056R 034125.29e-05 0.001 0 0.0  0.0  0.0  0.0  0.0  
1056R 034175.29e-05 0.001 0 0.0  0.0  0.0  0.0  0.0  
1056R 034225.29e-05 0.001 0 0.0  0.0  0.0  0.0  0.0  
1056R 034275.25e-05 0.001 0 0.0  0.0  0.0  0.0  0.0  
1056R 034325.24e-05 0.001 0 0.0  0.0  0.0  0.0  0.0  
1056R 034375.22e-05 0.001 0 0.0  0.0  0.0  0.0  0.0  
1056R 034425.22e-05 0.001 0 0.0  0.0  0.0  0.0  0.0  
1056R 034475.20e-05 0.001 0 0.0  0.0  0.0  0.0  0.0  
1056R 034525.18e-05 0.001 0 0.0  0.0  0.0  0.0  0.0  
1056R 034575.15e-05 0.001 0 0.0  0.0  0.0  0.0  0.0  
1056R 034625.15e-05 0.001 0 0.0  0.0  0.0  0.0  0.0  
1056R 034675.15e-05 0.001 0 0.0  0.0  0.0  0.0  0.0  
1056R 034725.11e-05 0.001 0 0.0  0.0  0.0  0.0  0.0  
1056R 034775.11e-05 0.001 0 0.0  0.0  0.0  0.0  0.0  
1056R 034825.10e-05 0.001 0 0.0  0.0  0.0  0.0  0.0  
1056R 034875.08e-05 0.001 0 0.0  0.0  0.0  0.0  0.0  
1056R 034925.06e-05 0.001 0 0.0  0.0  0.0  0.0  0.0  
1056R 034975.03e-05 0.001 0 0.0  0.0  0.0  0.0  0.0  
1056R 035025.03e-05 0.001 0 0.0  0.0  0.0  0.0  0.0  
1056R 035075.01e-05 0.001 0 0.0  0.0  0.0  0.0  0.0  
1056R 035125.01e-05 0.001 0 0.0  0.0  0.0  0.0  0.0  
1056R 035174.97e-05 0.001 0 0.0  0.0  0.0  0.0  0.0  
1056Sa03520Armin_SiN_CHF3_ 2 95 257 5 Off Off 7.50e-09 Off 95 5 1 30.0  0.0  pressure 30.4  100  10  200  0.0  0.0  0.0      0  50.0  0.0  0.0  100.0  5.0  20  
1163Ra035217.50e-09 95 0 0.0  62.4  0  0  70.7  47.7  0.0  0.0  0.0  0.0  0.0  0.0  71.8  0.0  20  
1102Ra035267.50e-09 95 0 30.2  32.3  0  0  70.7  47.7  0.0  0.0  0.0  50.0  0.0  0.0  100.0  4.9  20  
1105Ra035317.50e-09 94.226 0 30.1  33.0  201  1  78.0  51.3  439.8  0.0  0.0  49.8  0.0  0.0  99.8  4.8  20  
1112Ra035367.50e-09 89.126 0 30.0  32.9  201  1  68.4  52.1  438.0  0.0  0.0  49.6  0.0  0.0  99.8  4.6  20  
1112Ra035417.50e-09 84.126 0 30.1  32.4  201  1  65.8  52.3  439.3  0.0  0.0  49.8  0.0  0.0  99.9  4.9  20  
1112Ra035467.50e-09 79.226 0 30.1  32.7  201  1  65.3  52.4  440.4  0.0  0.0  49.6  0.0  0.0  99.3  4.7  20  
1112Ra035517.50e-09 74.126 0 29.9  32.7  201  1  65.0  52.4  440.4  0.0  0.0  49.9  0.0  0.0  99.8  4.8  20  
1112Ra035567.50e-09 69.226 0 30.1  32.8  201  1  65.1  52.4  440.9  0.0  0.0  49.9  0.0  0.0  100.0  4.9  20  
1113Ra035617.50e-09 64.126 0 30.1  32.8  201  1  64.9  52.4  441.1  0.0  0.0  50.1  0.0  0.0  99.8  5.0  20  
1112Ra035667.50e-09 59.226 0 30.0  32.7  201  1  65.2  52.4  441.3  0.0  0.0  49.5  0.0  0.0  99.8  4.9  20  
1112Ra035717.50e-09 54.226 0 30.1  32.8  201  1  65.1  52.4  441.6  0.0  0.0  50.0  0.0  0.0  99.7  4.9  20  
1112Ra035767.50e-09 49.126 0 29.9  32.7  201  1  65.0  52.4  441.2  0.0  0.0  49.4  0.0  0.0  99.5  4.6  20  
1112Ra035817.50e-09 44.226 0 30.1  32.5  201  1  65.0  52.4  441.2  0.0  0.0  49.4  0.0  0.0  99.6  4.6  20  
1112Ra035867.50e-09 39.126 0 30.0  32.7  201  1  64.9  52.4  441.5  0.0  0.0  49.7  0.0  0.0  99.7  4.9  20  
1112Ra035917.50e-09 34.126 0 30.0  32.4  201  1  65.1  52.4  441.5  0.0  0.0  49.4  0.0  0.0  99.7  4.8  20  
1112Ra035967.50e-09 29.226 0 29.8  32.4  201  1  64.9  52.4  441.4  0.0  0.0  49.6  0.0  0.0  99.6  4.8  20  
1112Ra036017.50e-09 24.126 0 30.0  32.4  201  1  65.1  52.4  441.7  0.0  0.0  49.9  0.0  0.0  99.5  4.8  20  
1112Ra036067.50e-09 19.226 0 30.2  32.7  201  1  65.0  52.4  441.7  0.0  0.0  49.6  0.0  0.0  99.8  4.8  20  
1112Ra036117.50e-09 14.126 0 30.0  32.5  201  1  65.1  52.4  441.8  0.0  0.0  49.7  0.0  0.0  99.6  4.8  20  
1112Ra036167.50e-09 9.226 0 30.1  32.4  201  1  65.1  52.4  441.7  0.0  0.0  49.8  0.0  0.0  99.7  4.9  20  
1111Ra036217.50e-09 4.126 0 29.8  32.4  201  1  64.9  52.4  441.6  0.0  0.0  49.3  0.0  0.0  99.5  4.8  20  
1111Sa03625Pump_to_7E-05_Torr_ 3 0 384 5 On 7.51e-05 0.001 5 1 0.0  0.0  0.0  0.0  0.0  20  
1095R 036267.50e-03 0.001 0 0.0  0.0  0.0  0.0  0.0  
1056R 036313.14e-04 0.001 0 0.0  0.0  0.0  0.0  0.0  
1056R 036361.11e-04 0.001 0 0.0  0.0  0.0  0.0  0.0  
1056R 036417.23e-05 0.001 0 0.0  0.0  0.0  0.0  0.0  
1056pa03642
1014Pa04406Armin_Drill_200W_-_edited QPAK_00517_DRILL Wafer_slot_1
1069Sa04406Pump_to_5E-05_Torr_ 1 0 384 5 On 4.99e-05 0.001 5 1 0.0  0.0  0.0  0.0  0.0  20  
1095R 044067.50e-03 0.001 0 0.0  0.0  0.0  0.0  0.0  
1056R 044117.50e-03 0.001 0 0.0  0.0  0.0  0.0  0.0  
1056R 044167.50e-03 0.001 0 0.0  0.0  0.0  0.0  0.0  
1056R 044217.50e-03 0.001 0 0.0  0.0  0.0  0.0  0.0  
1056R 044267.50e-03 0.001 0 0.0  0.0  0.0  0.0  0.0  
1056R 044317.50e-03 0.001 0 0.0  0.0  0.0  0.0  0.0  
1056R 044367.50e-03 0.001 0 0.0  0.0  0.0  0.0  0.0  
1056R 044413.41e-04 0.001 0 0.0  0.0  0.0  0.0  0.0  
1056R 044463.00e-04 0.001 0 0.0  0.0  0.0  0.0  0.0  
1056R 044512.63e-04 0.001 0 0.0  0.0  0.0  0.0  0.0  
1056R 044562.38e-04 0.001 0 0.0  0.0  0.0  0.0  0.0  
1056R 044612.15e-04 0.001 0 0.0  0.0  0.0  0.0  0.0  
1056R 044662.05e-04 0.001 0 0.0  0.0  0.0  0.0  0.0  
1056R 044711.95e-04 0.001 0 0.0  0.0  0.0  0.0  0.0  
1056R 044761.88e-04 0.001 0 0.0  0.0  0.0  0.0  0.0  
1056R 044811.80e-04 0.001 0 0.0  0.0  0.0  0.0  0.0  
1056R 044861.73e-04 0.001 0 0.0  0.0  0.0  0.0  0.0  
1056R 044911.67e-04 0.001 0 0.0  0.0  0.0  0.0  0.0  
1056R 044961.60e-04 0.001 0 0.0  0.0  0.0  0.0  0.0  
1056R 045011.55e-04 0.001 0 0.0  0.0  0.0  0.0  0.0  
1056R 045061.50e-04 0.001 0 0.0  0.0  0.0  0.0  0.0  
1056R 045111.45e-04 0.001 0 0.0  0.0  0.0  0.0  0.0  
1056R 045161.40e-04 0.001 0 0.0  0.0  0.0  0.0  0.0  
1056R 045211.36e-04 0.001 0 0.0  0.0  0.0  0.0  0.0  
1056R 045261.33e-04 0.001 0 0.0  0.0  0.0  0.0  0.0  
1056R 045311.31e-04 0.001 0 0.0  0.0  0.0  0.0  0.0  
1056R 045361.29e-04 0.001 0 0.0  0.0  0.0  0.0  0.0  
1056R 045411.26e-04 0.001 0 0.0  0.0  0.0  0.0  0.0  
1056R 045461.23e-04 0.001 0 0.0  0.0  0.0  0.0  0.0  
1056R 045511.22e-04 0.001 0 0.0  0.0  0.0  0.0  0.0  
1056R 045561.20e-04 0.001 0 0.0  0.0  0.0  0.0  0.0  
1056R 045611.18e-04 0.001 0 0.0  0.0  0.0  0.0  0.0  
1056R 045661.17e-04 0.001 0 0.0  0.0  0.0  0.0  0.0  
1056R 045711.15e-04 0.001 0 0.0  0.0  0.0  0.0  0.0  
1056R 045761.13e-04 0.001 0 0.0  0.0  0.0  0.0  0.0  
1056R 045811.11e-04 0.001 0 0.0  0.0  0.0  0.0  0.0  
1056R 045861.11e-04 0.001 0 0.0  0.0  0.0  0.0  0.0  
1056R 045911.09e-04 0.001 0 0.0  0.0  0.0  0.0  0.0  
1056R 045961.07e-04 0.001 0 0.0  0.0  0.0  0.0  0.0  
1056R 046011.06e-04 0.001 0 0.0  0.0  0.0  0.0  0.0  
1056R 046061.05e-04 0.001 0 0.0  0.0  0.0  0.0  0.0  
1056R 046111.03e-04 0.001 0 0.0  0.0  0.0  0.0  0.0  
1056R 046161.02e-04 0.001 0 0.0  0.0  0.0  0.0  0.0  
1056R 046211.01e-04 0.001 0 0.0  0.0  0.0  0.0  0.0  
1056R 046269.91e-05 0.001 0 0.0  0.0  0.0  0.0  0.0  
1056R 046319.85e-05 0.001 0 0.0  0.0  0.0  0.0  0.0  
1056R 046369.72e-05 0.001 0 0.0  0.0  0.0  0.0  0.0  
1056R 046419.59e-05 0.001 0 0.0  0.0  0.0  0.0  0.0  
1056R 046469.59e-05 0.001 0 0.0  0.0  0.0  0.0  0.0  
1056R 046519.40e-05 0.001 0 0.0  0.0  0.0  0.0  0.0  
1056R 046569.34e-05 0.001 0 0.0  0.0  0.0  0.0  0.0  
1056R 046619.21e-05 0.001 0 0.0  0.0  0.0  0.0  0.0  
1056R 046669.15e-05 0.001 0 0.0  0.0  0.0  0.0  0.0  
1056R 046719.08e-05 0.001 0 0.0  0.0  0.0  0.0  0.0  
1056R 046769.02e-05 0.001 0 0.0  0.0  0.0  0.0  0.0  
1056R 046818.95e-05 0.001 0 0.0  0.0  0.0  0.0  0.0  
1056R 046868.83e-05 0.001 0 0.0  0.0  0.0  0.0  0.0  
1056R 046918.70e-05 0.001 0 0.0  0.0  0.0  0.0  0.0  
1056R 046968.70e-05 0.001 0 0.0  0.0  0.0  0.0  0.0  
1056R 047018.63e-05 0.001 0 0.0  0.0  0.0  0.0  0.0  
1056R 047068.57e-05 0.001 0 0.0  0.0  0.0  0.0  0.0  
1056R 047118.38e-05 0.001 0 0.0  0.0  0.0  0.0  0.0  
1056R 047168.38e-05 0.001 0 0.0  0.0  0.0  0.0  0.0  
1056R 047218.31e-05 0.001 0 0.0  0.0  0.0  0.0  0.0  
1056R 047268.25e-05 0.001 0 0.0  0.0  0.0  0.0  0.0  
1056R 047318.17e-05 0.001 0 0.0  0.0  0.0  0.0  0.0  
1056R 047368.17e-05 0.001 0 0.0  0.0  0.0  0.0  0.0  
1056R 047418.14e-05 0.001 0 0.0  0.0  0.0  0.0  0.0  
1056R 047468.14e-05 0.001 0 0.0  0.0  0.0  0.0  0.0  
1056R 047518.09e-05 0.001 0 0.0  0.0  0.0  0.0  0.0  
1056R 047568.03e-05 0.001 0 0.0  0.0  0.0  0.0  0.0  
1056R 047618.00e-05 0.001 0 0.0  0.0  0.0  0.0  0.0  
1056R 047668.03e-05 0.001 0 0.0  0.0  0.0  0.0  0.0  
1056R 047717.95e-05 0.001 0 0.0  0.0  0.0  0.0  0.0  
1056R 047767.92e-05 0.001 0 0.0  0.0  0.0  0.0  0.0  
1056R 047817.92e-05 0.001 0 0.0  0.0  0.0  0.0  0.0  
1056R 047867.89e-05 0.001 0 0.0  0.0  0.0  0.0  0.0  
1056R 047917.84e-05 0.001 0 0.0  0.0  0.0  0.0  0.0  
1056R 047967.78e-05 0.001 0 0.0  0.0  0.0  0.0  0.0  
1056R 048017.76e-05 0.001 0 0.0  0.0  0.0  0.0  0.0  
1056R 048067.70e-05 0.001 0 0.0  0.0  0.0  0.0  0.0  
1056R 048117.70e-05 0.001 0 0.0  0.0  0.0  0.0  0.0  
1056R 048167.67e-05 0.001 0 0.0  0.0  0.0  0.0  0.0  
1056R 048217.62e-05 0.001 0 0.0  0.0  0.0  0.0  0.0  
1056R 048267.62e-05 0.001 0 0.0  0.0  0.0  0.0  0.0  
1056R 048317.59e-05 0.001 0 0.0  0.0  0.0  0.0  0.0  
1056R 048367.59e-05 0.001 0 0.0  0.0  0.0  0.0  0.0  
1056R 048417.54e-05 0.001 0 0.0  0.0  0.0  0.0  0.0  
1056R 048467.51e-05 0.001 0 0.0  0.0  0.0  0.0  0.0  
1056R 048517.48e-05 0.001 0 0.0  0.0  0.0  0.0  0.0  
1056R 048567.45e-05 0.001 0 0.0  0.0  0.0  0.0  0.0  
1056R 048617.45e-05 0.001 0 0.0  0.0  0.0  0.0  0.0  
1056R 048667.40e-05 0.001 0 0.0  0.0  0.0  0.0  0.0  
1056R 048717.37e-05 0.001 0 0.0  0.0  0.0  0.0  0.0  
1056R 048767.37e-05 0.001 0 0.0  0.0  0.0  0.0  0.0  
1056R 048817.34e-05 0.001 0 0.0  0.0  0.0  0.0  0.0  
1056R 048867.32e-05 0.001 0 0.0  0.0  0.0  0.0  0.0  
1056R 048917.29e-05 0.001 0 0.0  0.0  0.0  0.0  0.0  
1056R 048967.23e-05 0.001 0 0.0  0.0  0.0  0.0  0.0  
1056R 049017.23e-05 0.001 0 0.0  0.0  0.0  0.0  0.0  
1056R 049067.21e-05 0.001 0 0.0  0.0  0.0  0.0  0.0  
1056R 049117.18e-05 0.001 0 0.0  0.0  0.0  0.0  0.0  
1056R 049167.18e-05 0.001 0 0.0  0.0  0.0  0.0  0.0  
1056R 049217.12e-05 0.001 0 0.0  0.0  0.0  0.0  0.0  
1056R 049267.12e-05 0.001 0 0.0  0.0  0.0  0.0  0.0  
1056R 049317.10e-05 0.001 0 0.0  0.0  0.0  0.0  0.0  
1056R 049367.10e-05 0.001 0 0.0  0.0  0.0  0.0  0.0  
1056R 049417.07e-05 0.001 0 0.0  0.0  0.0  0.0  0.0  
1056R 049467.04e-05 0.001 0 0.0  0.0  0.0  0.0  0.0  
1056R 049517.02e-05 0.001 0 0.0  0.0  0.0  0.0  0.0  
1056R 049566.99e-05 0.001 0 0.0  0.0  0.0  0.0  0.0  
1056R 049616.96e-05 0.001 0 0.0  0.0  0.0  0.0  0.0  
1056R 049666.93e-05 0.001 0 0.0  0.0  0.0  0.0  0.0  
1056R 049716.91e-05 0.001 0 0.0  0.0  0.0  0.0  0.0  
1056R 049766.88e-05 0.001 0 0.0  0.0  0.0  0.0  0.0  
1056R 049816.85e-05 0.001 0 0.0  0.0  0.0  0.0  0.0  
1056R 049866.85e-05 0.001 0 0.0  0.0  0.0  0.0  0.0  
1056R 049916.82e-05 0.001 0 0.0  0.0  0.0  0.0  0.0  
1056R 049966.80e-05 0.001 0 0.0  0.0  0.0  0.0  0.0  
1056R 050016.77e-05 0.001 0 0.0  0.0  0.0  0.0  0.0  
1056R 050066.74e-05 0.001 0 0.0  0.0  0.0  0.0  0.0  
1056R 050116.71e-05 0.001 0 0.0  0.0  0.0  0.0  0.0  
1056R 050166.69e-05 0.001 0 0.0  0.0  0.0  0.0  0.0  
1056R 050216.69e-05 0.001 0 0.0  0.0  0.0  0.0  0.0  
1056R 050266.60e-05 0.001 0 0.0  0.0  0.0  0.0  0.0  
1056R 050316.60e-05 0.001 0 0.0  0.0  0.0  0.0  0.0  
1056R 050366.60e-05 0.001 0 0.0  0.0  0.0  0.0  0.0  
1056R 050416.55e-05 0.001 0 0.0  0.0  0.0  0.0  0.0  
1056R 050466.58e-05 0.001 0 0.0  0.0  0.0  0.0  0.0  
1056R 050516.52e-05 0.001 0 0.0  0.0  0.0  0.0  0.0  
1056R 050566.49e-05 0.001 0 0.0  0.0  0.0  0.0  0.0  
1056R 050616.47e-05 0.001 0 0.0  0.0  0.0  0.0  0.0  
1056R 050666.44e-05 0.001 0 0.0  0.0  0.0  0.0  0.0  
1056R 050716.41e-05 0.001 0 0.0  0.0  0.0  0.0  0.0  
1056R 050766.41e-05 0.001 0 0.0  0.0  0.0  0.0  0.0  
1056R 050816.38e-05 0.001 0 0.0  0.0  0.0  0.0  0.0  
1056R 050866.36e-05 0.001 0 0.0  0.0  0.0  0.0  0.0  
1056R 050916.33e-05 0.001 0 0.0  0.0  0.0  0.0  0.0  
1056R 050966.33e-05 0.001 0 0.0  0.0  0.0  0.0  0.0  
1056R 051016.30e-05 0.001 0 0.0  0.0  0.0  0.0  0.0  
1056R 051066.27e-05 0.001 0 0.0  0.0  0.0  0.0  0.0  
1056R 051116.25e-05 0.001 0 0.0  0.0  0.0  0.0  0.0  
1056R 051166.22e-05 0.001 0 0.0  0.0  0.0  0.0  0.0  
1056R 051216.22e-05 0.001 0 0.0  0.0  0.0  0.0  0.0  
1056R 051266.19e-05 0.001 0 0.0  0.0  0.0  0.0  0.0  
1056R 051316.16e-05 0.001 0 0.0  0.0  0.0  0.0  0.0  
1056R 051366.16e-05 0.001 0 0.0  0.0  0.0  0.0  0.0  
1056R 051416.14e-05 0.001 0 0.0  0.0  0.0  0.0  0.0  
1056R 051466.11e-05 0.001 0 0.0  0.0  0.0  0.0  0.0  
1056R 051516.08e-05 0.001 0 0.0  0.0  0.0  0.0  0.0  
1056R 051566.05e-05 0.001 0 0.0  0.0  0.0  0.0  0.0  
1056R 051616.03e-05 0.001 0 0.0  0.0  0.0  0.0  0.0  
1056R 051666.00e-05 0.001 0 0.0  0.0  0.0  0.0  0.0  
1056R 051716.00e-05 0.001 0 0.0  0.0  0.0  0.0  0.0  
1056R 051766.00e-05 0.001 0 0.0  0.0  0.0  0.0  0.0  
1056R 051815.97e-05 0.001 0 0.0  0.0  0.0  0.0  0.0  
1056R 051865.97e-05 0.001 0 0.0  0.0  0.0  0.0  0.0  
1056R 051915.93e-05 0.001 0 0.0  0.0  0.0  0.0  0.0  
1056R 051965.93e-05 0.001 0 0.0  0.0  0.0  0.0  0.0  
1056R 052015.93e-05 0.001 0 0.0  0.0  0.0  0.0  0.0  
1056R 052065.90e-05 0.001 0 0.0  0.0  0.0  0.0  0.0  
1056R 052115.88e-05 0.001 0 0.0  0.0  0.0  0.0  0.0  
1056R 052165.88e-05 0.001 0 0.0  0.0  0.0  0.0  0.0  
1056R 052215.88e-05 0.001 0 0.0  0.0  0.0  0.0  0.0  
1056R 052265.84e-05 0.001 0 0.0  0.0  0.0  0.0  0.0  
1056R 052315.84e-05 0.001 0 0.0  0.0  0.0  0.0  0.0  
1056R 052365.81e-05 0.001 0 0.0  0.0  0.0  0.0  0.0  
1056R 052415.83e-05 0.001 0 0.0  0.0  0.0  0.0  0.0  
1056R 052465.79e-05 0.001 0 0.0  0.0  0.0  0.0  0.0  
1056R 052515.77e-05 0.001 0 0.0  0.0  0.0  0.0  0.0  
1056R 052565.77e-05 0.001 0 0.0  0.0  0.0  0.0  0.0  
1056R 052615.76e-05 0.001 0 0.0  0.0  0.0  0.0  0.0  
1056R 052665.74e-05 0.001 0 0.0  0.0  0.0  0.0  0.0  
1056R 052715.72e-05 0.001 0 0.0  0.0  0.0  0.0  0.0  
1056R 052765.72e-05 0.001 0 0.0  0.0  0.0  0.0  0.0  
1056R 052815.70e-05 0.001 0 0.0  0.0  0.0  0.0  0.0  
1056R 052865.69e-05 0.001 0 0.0  0.0  0.0  0.0  0.0  
1056R 052915.69e-05 0.001 0 0.0  0.0  0.0  0.0  0.0  
1056R 052965.62e-05 0.001 0 0.0  0.0  0.0  0.0  0.0  
1056R 053015.64e-05 0.001 0 0.0  0.0  0.0  0.0  0.0  
1056R 053065.64e-05 0.001 0 0.0  0.0  0.0  0.0  0.0  
1056R 053115.60e-05 0.001 0 0.0  0.0  0.0  0.0  0.0  
1056R 053165.58e-05 0.001 0 0.0  0.0  0.0  0.0  0.0  
1056R 053215.57e-05 0.001 0 0.0  0.0  0.0  0.0  0.0  
1056R 053265.57e-05 0.001 0 0.0  0.0  0.0  0.0  0.0  
1056R 053315.57e-05 0.001 0 0.0  0.0  0.0  0.0  0.0  
1056R 053365.53e-05 0.001 0 0.0  0.0  0.0  0.0  0.0  
1056R 053415.53e-05 0.001 0 0.0  0.0  0.0  0.0  0.0  
1056R 053465.50e-05 0.001 0 0.0  0.0  0.0  0.0  0.0  
1056R 053515.50e-05 0.001 0 0.0  0.0  0.0  0.0  0.0  
1056R 053565.50e-05 0.001 0 0.0  0.0  0.0  0.0  0.0  
1056R 053615.48e-05 0.001 0 0.0  0.0  0.0  0.0  0.0  
1056R 053665.46e-05 0.001 0 0.0  0.0  0.0  0.0  0.0  
1056R 053715.43e-05 0.001 0 0.0  0.0  0.0  0.0  0.0  
1056R 053765.43e-05 0.001 0 0.0  0.0  0.0  0.0  0.0  
1056R 053815.41e-05 0.001 0 0.0  0.0  0.0  0.0  0.0  
1056R 053865.41e-05 0.001 0 0.0  0.0  0.0  0.0  0.0  
1056R 053915.37e-05 0.001 0 0.0  0.0  0.0  0.0  0.0  
1056R 053965.37e-05 0.001 0 0.0  0.0  0.0  0.0  0.0  
1056R 054015.37e-05 0.001 0 0.0  0.0  0.0  0.0  0.0  
1056R 054065.37e-05 0.001 0 0.0  0.0  0.0  0.0  0.0  
1056R 054115.36e-05 0.001 0 0.0  0.0  0.0  0.0  0.0  
1056R 054165.30e-05 0.001 0 0.0  0.0  0.0  0.0  0.0  
1056R 054215.29e-05 0.001 0 0.0  0.0  0.0  0.0  0.0  
1056R 054265.29e-05 0.001 0 0.0  0.0  0.0  0.0  0.0  
1056R 054315.29e-05 0.001 0 0.0  0.0  0.0  0.0  0.0  
1056R 054365.27e-05 0.001 0 0.0  0.0  0.0  0.0  0.0  
1056R 054415.25e-05 0.001 0 0.0  0.0  0.0  0.0  0.0  
1056R 054465.24e-05 0.001 0 0.0  0.0  0.0  0.0  0.0  
1056R 054515.24e-05 0.001 0 0.0  0.0  0.0  0.0  0.0  
1056R 054565.22e-05 0.001 0 0.0  0.0  0.0  0.0  0.0  
1056R 054615.20e-05 0.001 0 0.0  0.0  0.0  0.0  0.0  
1056R 054665.20e-05 0.001 0 0.0  0.0  0.0  0.0  0.0  
1056R 054715.17e-05 0.001 0 0.0  0.0  0.0  0.0  0.0  
1056R 054765.17e-05 0.001 0 0.0  0.0  0.0  0.0  0.0  
1056R 054815.13e-05 0.001 0 0.0  0.0  0.0  0.0  0.0  
1056R 054865.11e-05 0.001 0 0.0  0.0  0.0  0.0  0.0  
1056R 054915.10e-05 0.001 0 0.0  0.0  0.0  0.0  0.0  
1056R 054965.10e-05 0.001 0 0.0  0.0  0.0  0.0  0.0  
1056R 055015.08e-05 0.001 0 0.0  0.0  0.0  0.0  0.0  
1056R 055065.10e-05 0.001 0 0.0  0.0  0.0  0.0  0.0  
1056R 055115.04e-05 0.001 0 0.0  0.0  0.0  0.0  0.0  
1056R 055165.06e-05 0.001 0 0.0  0.0  0.0  0.0  0.0  
1056R 055215.03e-05 0.001 0 0.0  0.0  0.0  0.0  0.0  
1056R 055265.03e-05 0.001 0 0.0  0.0  0.0  0.0  0.0  
1056R 055315.03e-05 0.001 0 0.0  0.0  0.0  0.0  0.0  
1056R 055364.99e-05 0.001 0 0.0  0.0  0.0  0.0  0.0  
1056Sa05538Armin_SiN_CHF3_ 2 95 257 5 Off Off 7.50e-09 Off 95 5 1 30.0  0.0  pressure 30.4  100  10  200  0.0  0.0  0.0      0  50.0  0.0  0.0  100.0  5.0  20  
1163Ra055397.50e-09 95 0 0.0  3.5  0  0  70.7  47.7  0.0  0.0  0.0  52.6  0.0  0.0  101.0  0.0  20  
1103Ra055447.50e-09 95 0 30.4  32.4  0  0  70.7  47.7  0.0  0.0  0.0  49.4  0.0  0.0  99.8  4.8  20  
1104Ra055497.50e-09 93.66 0 29.8  33.0  201  1  76.6  51.5  438.5  0.0  0.0  49.8  0.0  0.0  99.5  4.7  20  
1111Ra055547.50e-09 88.76 0 30.0  33.0  201  0  67.8  52.2  437.7  0.0  0.0  49.9  0.0  0.0  99.7  4.7  20  
1111Ra055597.50e-09 83.76 0 29.8  32.6  201  1  65.6  52.4  439.9  0.0  0.0  50.1  0.0  0.0  99.7  4.7  20  
1111Ra055647.50e-09 78.76 0 30.0  32.8  201  1  64.4  52.5  439.7  0.0  0.0  50.2  0.0  0.0  99.9  4.7  20  
1111Ra055697.50e-09 73.66 0 29.8  32.7  201  1  64.2  52.5  440.3  0.0  0.0  49.9  0.0  0.0  99.5  4.7  20  
1111Ra055747.50e-09 68.76 0 30.0  32.5  201  1  64.3  52.5  440.2  0.0  0.0  50.2  0.0  0.0  99.9  4.8  20  
1111Ra055797.50e-09 63.66 0 29.8  32.8  201  1  64.5  52.5  440.2  0.0  0.0  49.7  0.0  0.0  99.6  4.8  20  
1111Ra055847.50e-09 58.86 0 30.0  32.8  201  1  64.3  52.5  440.5  0.0  0.0  49.6  0.0  0.0  99.8  4.7  20  
1111Ra055897.50e-09 53.76 0 29.8  32.7  201  1  64.3  52.5  440.3  0.0  0.0  49.3  0.0  0.0  99.6  4.7  20  
1111Ra055947.50e-09 48.66 0 29.8  32.7  201  1  64.3  52.5  440.9  0.0  0.0  50.4  0.0  0.0  99.9  4.9  20  
1111Ra055997.50e-09 43.76 0 30.0  32.7  201  1  64.4  52.5  440.8  0.0  0.0  49.8  0.0  0.0  99.6  4.8  20  
1111Ra056047.50e-09 38.76 0 29.9  32.4  201  1  64.5  52.5  440.8  0.0  0.0  49.9  0.0  0.0  100.1  5.0  20  
1112Ra056097.50e-09 33.66 0 29.7  32.6  201  1  64.5  52.5  440.9  0.0  0.0  49.8  0.0  0.0  99.7  4.5  20  
1111Ra056147.50e-09 28.76 0 29.8  32.5  201  1  64.5  52.5  441.1  0.0  0.0  49.5  0.0  0.0  99.6  4.7  20  
1111Ra056197.50e-09 23.66 0 29.8  32.3  201  1  64.5  52.4  440.9  0.0  0.0  50.0  0.0  0.0  99.8  4.8  20  
1111Ra056247.50e-09 18.76 0 29.8  32.3  201  1  64.6  52.4  440.8  0.0  0.0  49.8  0.0  0.0  99.7  4.9  20  
1111Ra056297.50e-09 13.66 0 30.1  32.4  201  1  64.4  52.4  441.1  0.0  0.0  49.7  0.0  0.0  99.7  4.8  20  
1111Ra056347.50e-09 8.66 0 29.9  32.4  201  1  64.5  52.4  440.9  0.0  0.0  49.7  0.0  0.0  99.8  4.8  20  
1110Ra056397.50e-09 3.76 0 30.1  32.3  201  1  64.6  52.4  440.9  0.0  0.0  49.8  0.0  0.0  99.9  4.7  20  
1110Sa05642Pump_to_7E-05_Torr_ 3 0 384 5 On 7.51e-05 0.001 5 1 0.0  0.0  0.0  0.0  0.0  20  
1095R 056435.28e-04 0.001 0 0.0  0.0  0.0  0.0  0.0  
1056R 056483.62e-04 0.001 0 0.0  0.0  0.0  0.0  0.0  
1056R 056531.20e-04 0.001 0 0.0  0.0  0.0  0.0  0.0  
1056R 056587.48e-05 0.001 0 0.0  0.0  0.0  0.0  0.0  
1056pa05660
1014Pa06734Armin_Drill_200W_-_edited QPAK_00518_DRILL Wafer_slot_1
1069Sa06734Pump_to_5E-05_Torr_ 1 0 384 5 On 4.99e-05 0.001 5 1 0.0  0.0  0.0  0.0  0.0  20  
1095R 067344.89e-05 0.001 0 0.0  0.0  0.0  0.0  0.0  
1056Sa06737Armin_SiN_CHF3_ 2 95 257 5 Off Off 7.50e-09 Off 95 5 1 30.0  0.0  pressure 30.4  100  10  200  0.0  0.0  0.0      0  50.0  0.0  0.0  100.0  5.0  20  
1163Ra067384.89e-05 95 0 0.0  90.0  0  0  70.7  47.7  0.0  0.0  0.0  0.0  0.0  0.0  0.0  0.0  20  
1101Ra067437.50e-09 95 0 30.4  32.4  0  0  70.7  47.7  0.0  0.0  0.0  49.8  0.0  0.0  99.7  4.9  20  
1104Ra067487.50e-09 94.936 0 30.2  33.0  209  73  73.6  50.5  357.3  0.0  0.0  49.7  0.0  0.0  99.9  4.7  20  
1113Ra067537.50e-09 90.486 0 30.2  33.0  201  1  69.9  51.9  437.4  0.0  0.0  50.2  0.0  0.0  99.9  4.9  20  
1112Ra067587.50e-09 85.586 0 30.2  33.0  201  1  66.4  52.3  438.9  0.0  0.0  50.3  0.0  0.0  99.8  4.8  20  
1112Ra067637.50e-09 80.586 0 30.1  32.5  201  1  65.2  52.4  440.1  0.0  0.0  49.6  0.0  0.0  99.5  4.7  20  
1112Ra067687.50e-09 75.486 0 29.8  32.8  201  1  65.0  52.4  440.8  0.0  0.0  49.3  0.0  0.0  99.5  4.7  20  
1112Ra067737.50e-09 70.586 0 29.9  32.7  201  1  64.8  52.4  441.2  0.0  0.0  49.9  0.0  0.0  99.8  4.8  20  
1112Ra067787.50e-09 65.486 0 30.2  32.7  201  1  65.0  52.4  441.3  0.0  0.0  49.7  0.0  0.0  99.5  4.5  20  
1112Ra067837.50e-09 60.686 0 30.1  32.8  201  1  65.0  52.4  441.7  0.0  0.0  49.7  0.0  0.0  99.8  4.7  20  
1112Ra067887.50e-09 55.586 0 30.0  32.8  201  1  64.9  52.4  441.6  0.0  0.0  49.8  0.0  0.0  99.5  4.6  20  
1112Ra067937.50e-09 50.486 0 30.0  32.7  201  1  65.0  52.4  441.4  0.0  0.0  49.7  0.0  0.0  99.7  4.7  20  
1112Ra067987.50e-09 45.686 0 29.7  32.6  201  1  64.9  52.4  441.4  0.0  0.0  49.9  0.0  0.0  99.9  4.8  20  
1112Ra068037.50e-09 40.586 0 30.1  32.7  201  1  65.2  52.4  441.2  0.0  0.0  49.8  0.0  0.0  99.7  4.9  20  
1112Ra068087.50e-09 35.486 0 30.2  32.6  201  1  65.0  52.4  441.8  0.0  0.0  49.2  0.0  0.0  99.2  4.5  20  
1112Ra068137.50e-09 30.586 0 30.1  32.6  201  1  65.0  52.4  441.6  0.0  0.0  50.5  0.0  0.0  100.0  4.8  20  
1113Ra068187.50e-09 25.486 0 30.0  32.5  201  1  65.0  52.4  441.7  0.0  0.0  49.6  0.0  0.0  99.5  4.7  20  
1112Ra068237.50e-09 20.586 0 30.0  32.5  201  1  65.0  52.4  441.8  0.0  0.0  50.4  0.0  0.0  99.9  4.9  20  
1112Ra068287.50e-09 15.586 0 30.3  32.4  201  1  64.9  52.4  441.7  0.0  0.0  50.0  0.0  0.0  99.8  4.9  20  
1112Ra068337.50e-09 10.586 0 30.1  32.4  201  1  65.2  52.4  441.8  0.0  0.0  49.8  0.0  0.0  99.5  4.6  20  
1112Ra068387.50e-09 5.486 0 30.0  32.4  201  1  65.2  52.4  442.0  0.0  0.0  49.6  0.0  0.0  100.1  4.8  20  
1112Ra068437.50e-09 0.486 0 29.7  32.4  201  1  65.0  52.4  441.5  0.0  0.0  50.0  0.0  0.0  99.8  4.8  20  
1111Sa06843Pump_to_7E-05_Torr_ 3 0 384 5 On 7.51e-05 0.001 5 1 0.0  0.0  0.0  0.0  0.0  20  
1095R 068447.50e-03 0.001 0 0.0  0.0  0.0  0.0  0.0  
1056R 068493.52e-04 0.001 0 0.0  0.0  0.0  0.0  0.0  
1056R 068541.16e-04 0.001 0 0.0  0.0  0.0  0.0  0.0  
1056R 068597.32e-05 0.001 0 0.0  0.0  0.0  0.0  0.0  
1056pa06861
1014Pa31513O2_-_Chamber_Clean_Short_-_edited  Wafer_slot_1
1061Sa31513Pump_to_5E-05_Torr_ 1 0 384 5 On 4.99e-05 0.001 5 1 0.0  0.0  0.0  0.0  0.0  20  
1095R 315132.45e-06 0.001 0 0.0  0.0  0.0  0.0  0.0  
1056Sa31516Chamber_Clean_ 2 120 257 5 Off Off 7.50e-09 Off 120 5 1 100.0  0.0  pressure 100.0  0  0  200  0.0  0.0  0.0      0  0.0  0.0  0.0  0.0  50.0  20  
1161Ra315172.35e-06 120 0 0.0  90.0  0  0  70.7  47.7  0.0  0.0  0.0  0.0  0.0  0.0  0.0  0.0  20  
1102Ra315227.50e-09 119.98 0 78.3  1.8  0  0  70.7  47.7  0.0  0.0  0.0  0.0  0.0  0.0  0.0  49.8  20  
1106Ra315277.50e-09 119.98 0 100.1  12.5  0  0  70.7  47.7  0.0  0.0  0.0  0.0  0.0  0.0  0.0  50.0  20  
1108Ra315327.50e-09 118.738 0 100.0  12.5  201  2  77.1  51.1  377.0  0.0  0.0  0.0  0.0  0.0  0.0  49.9  20  
1113Ra315377.50e-09 113.738 0 99.9  12.7  201  1  66.1  52.0  374.8  0.0  0.0  0.0  0.0  0.0  0.0  49.9  20  
1112Ra315427.50e-09 108.838 0 100.0  12.7  201  1  63.4  52.3  375.7  0.0  0.0  0.0  0.0  0.0  0.0  49.9  20  
1113Ra315477.50e-09 103.738 0 100.1  12.5  201  1  62.2  52.4  375.9  0.0  0.0  0.0  0.0  0.0  0.0  49.7  20  
1113Ra315527.50e-09 98.638 0 100.0  12.5  201  1  61.9  52.4  376.4  0.0  0.0  0.0  0.0  0.0  0.0  49.9  20  
1112Ra315577.50e-09 93.838 0 100.0  12.4  201  1  61.7  52.4  376.3  0.0  0.0  0.0  0.0  0.0  0.0  49.8  20  
1112Ra315627.50e-09 88.738 0 100.0  12.6  201  1  61.7  52.4  376.7  0.0  0.0  0.0  0.0  0.0  0.0  49.5  20  
1112Ra315677.50e-09 83.638 0 100.1  12.4  201  1  61.8  52.4  376.3  0.0  0.0  0.0  0.0  0.0  0.0  49.8  20  
1112Ra315727.50e-09 78.738 0 100.0  12.4  201  1  61.7  52.4  376.3  0.0  0.0  0.0  0.0  0.0  0.0  49.7  20  
1112Ra315777.50e-09 73.738 0 99.7  12.5  201  1  61.7  52.4  376.5  0.0  0.0  0.0  0.0  0.0  0.0  49.9  20  
1111Ra315827.50e-09 68.638 0 99.7  12.5  201  1  61.9  52.4  376.8  0.0  0.0  0.0  0.0  0.0  0.0  49.7  20  
1111Ra315877.50e-09 63.738 0 100.1  12.4  201  1  61.8  52.4  377.1  0.0  0.0  0.0  0.0  0.0  0.0  49.9  20  
1112Ra315927.50e-09 58.738 0 100.0  12.4  201  1  61.8  52.4  377.3  0.0  0.0  0.0  0.0  0.0  0.0  49.7  20  
1112Ra315977.50e-09 53.638 0 100.2  12.5  201  1  61.9  52.4  377.4  0.0  0.0  0.0  0.0  0.0  0.0  49.9  20  
1112Ra316027.50e-09 48.738 0 99.9  12.5  201  1  62.0  52.4  377.3  0.0  0.0  0.0  0.0  0.0  0.0  49.7  20  
1111Ra316077.50e-09 43.638 0 100.0  12.6  201  1  61.9  52.4  377.5  0.0  0.0  0.0  0.0  0.0  0.0  49.9  20  
1112Ra316127.50e-09 38.838 0 99.9  12.4  201  1  61.8  52.4  377.8  0.0  0.0  0.0  0.0  0.0  0.0  49.7  20  
1111Ra316177.50e-09 33.738 0 100.1  12.4  201  1  62.0  52.4  377.9  0.0  0.0  0.0  0.0  0.0  0.0  49.9  20  
1112Ra316227.50e-09 28.638 0 100.0  12.4  201  1  61.8  52.4  377.7  0.0  0.0  0.0  0.0  0.0  0.0  49.8  20  
1112Ra316277.50e-09 23.738 0 99.9  12.4  201  1  61.7  52.4  378.0  0.0  0.0  0.0  0.0  0.0  0.0  49.6  20  
1111Ra316327.50e-09 18.738 0 100.0  12.3  201  1  62.0  52.4  378.2  0.0  0.0  0.0  0.0  0.0  0.0  49.7  20  
1112Ra316377.50e-09 13.638 0 99.7  12.4  201  1  62.0  52.4  378.2  0.0  0.0  0.0  0.0  0.0  0.0  49.6  20  
1111Ra316427.50e-09 8.738 0 99.9  12.3  201  1  62.0  52.4  378.4  0.0  0.0  0.0  0.0  0.0  0.0  49.7  20  
1110Ra316477.50e-09 3.738 0 99.9  12.5  201  1  62.0  52.4  378.4  0.0  0.0  0.0  0.0  0.0  0.0  49.8  20  
1110Sa31650Pump_to_5E-05_Torr_ 3 0 384 5 On 4.99e-05 0.001 5 1 0.0  0.0  0.0  0.0  0.0  20  
1095R 316517.50e-03 0.001 0 0.0  0.0  0.0  0.0  0.0  
1056R 316561.29e-04 0.001 0 0.0  0.0  0.0  0.0  0.0  
1056R 316614.36e-05 0.001 0 0.0  0.0  0.0  0.0  0.0  
1056pa31662
1014Pa32952leoyu_O2_Descum_-_edited 180626_lnoma11B Wafer_slot_1
1067Sa32952Pump_to_5E-05_Torr_ 1 0 384 5 On 4.99e-05 0.001 5 1 0.0  0.0  0.0  0.0  0.0  20  
1095R 329529.27e-05 0.001 0 0.0  0.0  0.0  0.0  0.0  
1056R 329579.02e-05 0.001 0 0.0  0.0  0.0  0.0  0.0  
1056R 329628.70e-05 0.001 0 0.0  0.0  0.0  0.0  0.0  
1056R 329678.38e-05 0.001 0 0.0  0.0  0.0  0.0  0.0  
1056R 329728.20e-05 0.001 0 0.0  0.0  0.0  0.0  0.0  
1056R 329778.03e-05 0.001 0 0.0  0.0  0.0  0.0  0.0  
1056R 329827.92e-05 0.001 0 0.0  0.0  0.0  0.0  0.0  
1056R 329877.84e-05 0.001 0 0.0  0.0  0.0  0.0  0.0  
1056pa32990
1014Pa33049O2_-_Resist_Descum_15s_-_edited 180626_lnoma11B Wafer_slot_1
1074Sa33049Pump_to_5E-05_Torr_ 1 0 384 5 On 4.99e-05 0.001 5 1 0.0  0.0  0.0  0.0  0.0  20  
1095R 330496.80e-05 0.001 0 0.0  0.0  0.0  0.0  0.0  
1056R 330546.77e-05 0.001 0 0.0  0.0  0.0  0.0  0.0  
1056R 330596.71e-05 0.001 0 0.0  0.0  0.0  0.0  0.0  
1056R 330646.60e-05 0.001 0 0.0  0.0  0.0  0.0  0.0  
1056R 330696.55e-05 0.001 0 0.0  0.0  0.0  0.0  0.0  
1056R 330746.47e-05 0.001 0 0.0  0.0  0.0  0.0  0.0  
1056R 330796.44e-05 0.001 0 0.0  0.0  0.0  0.0  0.0  
1056R 330846.38e-05 0.001 0 0.0  0.0  0.0  0.0  0.0  
1056R 330896.33e-05 0.001 0 0.0  0.0  0.0  0.0  0.0  
1056R 330946.27e-05 0.001 0 0.0  0.0  0.0  0.0  0.0  
1056R 330996.22e-05 0.001 0 0.0  0.0  0.0  0.0  0.0  
1056R 331046.14e-05 0.001 0 0.0  0.0  0.0  0.0  0.0  
1056R 331096.08e-05 0.001 0 0.0  0.0  0.0  0.0  0.0  
1056R 331146.08e-05 0.001 0 0.0  0.0  0.0  0.0  0.0  
1056R 331196.03e-05 0.001 0 0.0  0.0  0.0  0.0  0.0  
1056R 331245.98e-05 0.001 0 0.0  0.0  0.0  0.0  0.0  
1056R 331295.95e-05 0.001 0 0.0  0.0  0.0  0.0  0.0  
1056R 331345.93e-05 0.001 0 0.0  0.0  0.0  0.0  0.0  
1056R 331395.90e-05 0.001 0 0.0  0.0  0.0  0.0  0.0  
1056R 331445.88e-05 0.001 0 0.0  0.0  0.0  0.0  0.0  
1056R 331495.84e-05 0.001 0 0.0  0.0  0.0  0.0  0.0  
1056R 331545.81e-05 0.001 0 0.0  0.0  0.0  0.0  0.0  
1056R 331595.77e-05 0.001 0 0.0  0.0  0.0  0.0  0.0  
1056R 331645.74e-05 0.001 0 0.0  0.0  0.0  0.0  0.0  
1056R 331695.72e-05 0.001 0 0.0  0.0  0.0  0.0  0.0  
1056R 331745.70e-05 0.001 0 0.0  0.0  0.0  0.0  0.0  
1056R 331795.67e-05 0.001 0 0.0  0.0  0.0  0.0  0.0  
1056R 331845.64e-05 0.001 0 0.0  0.0  0.0  0.0  0.0  
1056R 331895.62e-05 0.001 0 0.0  0.0  0.0  0.0  0.0  
1056R 331945.58e-05 0.001 0 0.0  0.0  0.0  0.0  0.0  
1056R 331995.57e-05 0.001 0 0.0  0.0  0.0  0.0  0.0  
1056R 332045.55e-05 0.001 0 0.0  0.0  0.0  0.0  0.0  
1056R 332095.50e-05 0.001 0 0.0  0.0  0.0  0.0  0.0  
1056R 332145.48e-05 0.001 0 0.0  0.0  0.0  0.0  0.0  
1056R 332195.46e-05 0.001 0 0.0  0.0  0.0  0.0  0.0  
1056R 332245.46e-05 0.001 0 0.0  0.0  0.0  0.0  0.0  
1056R 332295.43e-05 0.001 0 0.0  0.0  0.0  0.0  0.0  
1056R 332345.41e-05 0.001 0 0.0  0.0  0.0  0.0  0.0  
1056R 332395.37e-05 0.001 0 0.0  0.0  0.0  0.0  0.0  
1056R 332445.37e-05 0.001 0 0.0  0.0  0.0  0.0  0.0  
1056R 332495.32e-05 0.001 0 0.0  0.0  0.0  0.0  0.0  
1056R 332545.30e-05 0.001 0 0.0  0.0  0.0  0.0  0.0  
1056R 332595.27e-05 0.001 0 0.0  0.0  0.0  0.0  0.0  
1056R 332645.25e-05 0.001 0 0.0  0.0  0.0  0.0  0.0  
1056R 332695.25e-05 0.001 0 0.0  0.0  0.0  0.0  0.0  
1056R 332745.22e-05 0.001 0 0.0  0.0  0.0  0.0  0.0  
1056R 332795.20e-05 0.001 0 0.0  0.0  0.0  0.0  0.0  
1056R 332845.18e-05 0.001 0 0.0  0.0  0.0  0.0  0.0  
1056R 332895.15e-05 0.001 0 0.0  0.0  0.0  0.0  0.0  
1056R 332945.13e-05 0.001 0 0.0  0.0  0.0  0.0  0.0  
1056R 332995.13e-05 0.001 0 0.0  0.0  0.0  0.0  0.0  
1056R 333045.11e-05 0.001 0 0.0  0.0  0.0  0.0  0.0  
1056R 333095.08e-05 0.001 0 0.0  0.0  0.0  0.0  0.0  
1056Sa33335descum_15s_ 2 30 257 5 Off Off 7.50e-09 Off 30 5 1 10.0  0.0  pressure 50.4  20  10  20  0.0  0.0  0.0      0  0.0  0.0  0.0  0.0  40.0  20  
1155Ra333357.50e-09 30 0 0.0  90.0  0  0  70.7  47.7  0.0  0.0  0.0  0.0  0.0  0.0  0.0  0.0  20  
1101Ra333407.50e-09 30 0 50.6  15.3  0  0  70.7  47.7  0.0  0.0  0.0  0.0  0.0  0.0  0.0  40.0  20  
1103Ra333457.50e-09 29.834 0 50.3  15.3  21  17  68.6  49.3  0.0  0.0  0.0  0.0  0.0  0.0  0.0  39.8  20  
1109Ra333507.50e-09 27.078 0 50.2  14.9  20  8  81.4  52.4  0.0  0.0  0.0  0.0  0.0  0.0  0.0  39.7  20  
1108pa33363
1014Pa33386O2_-_Resist_Descum_15s_-_edited 180626_lnoma11B Wafer_slot_1
1074Sa33386Pump_to_5E-05_Torr_ 1 0 384 5 On 4.99e-05 0.001 5 1 0.0  0.0  0.0  0.0  0.0  20  
1095R 333865.01e-05 0.001 0 0.0  0.0  0.0  0.0  0.0  
1056Sa33389descum_15s_ 2 30 257 5 Off Off 7.50e-09 Off 30 5 1 10.0  0.0  pressure 100.0  20  10  20  0.0  0.0  0.0      0  0.0  0.0  0.0  0.0  40.0  20  
1156Ra333905.01e-05 30 0 0.0  90.0  0  0  70.7  47.7  0.0  0.0  0.0  0.0  0.0  0.0  0.0  0.0  20  
1101Ra333957.50e-09 30 0 58.6  0.0  0  0  70.7  47.7  0.0  0.0  0.0  0.0  0.0  0.0  0.0  39.8  20  
1102Ra334007.50e-09 30 0 99.9  11.3  0  0  70.7  47.7  0.0  0.0  0.0  0.0  0.0  0.0  0.0  39.6  20  
1103Ra334057.50e-09 28.95 0 88.1  21.1  20  0  82.5  51.5  92.8  0.0  0.0  0.0  0.0  0.0  0.0  39.8  20  
1108Ra334107.50e-09 24.05 0 10.0  28.1  20  0  69.6  52.6  117.2  0.0  0.0  0.0  0.0  0.0  0.0  39.7  20  
1109Ra334157.50e-09 19.05 0 9.8  27.7  20  0  64.5  53.2  116.9  0.0  0.0  0.0  0.0  0.0  0.0  40.0  20  
1108Ra334207.50e-09 13.95 0 10.2  27.9  20  0  62.4  53.4  115.9  0.0  0.0  0.0  0.0  0.0  0.0  40.0  20  
1109Ra334257.50e-09 9.05 0 9.7  27.7  20  0  61.4  53.5  115.7  0.0  0.0  0.0  0.0  0.0  0.0  39.8  20  
1107Ra334307.50e-09 3.95 0 10.0  27.9  20  0  61.3  53.5  115.4  0.0  0.0  0.0  0.0  0.0  0.0  39.7  20  
1108Sa33434Pump_to_5E-05_Torr_ 3 0 384 5 On 4.99e-05 0.001 5 1 0.0  0.0  0.0  0.0  0.0  20  
1095R 334357.50e-03 0.001 0 0.0  0.0  0.0  0.0  0.0  
1056R 334401.28e-04 0.001 0 0.0  0.0  0.0  0.0  0.0  
1056R 334456.91e-05 0.001 0 0.0  0.0  0.0  0.0  0.0  
1056R 334505.70e-05 0.001 0 0.0  0.0  0.0  0.0  0.0  
1056R 334555.18e-05 0.001 0 0.0  0.0  0.0  0.0  0.0  
1056R 334604.92e-05 0.001 0 0.0  0.0  0.0  0.0  0.0  
1056pa33461
1014