0000D 024101 Log_Data_File 1561417200
1039C 0241046 Ignore_Tolerance scaO%s _ 1 263 0 0 Pump_To_Pressure scaO%s _ 2 415 0 0 Pump_Pressure %.2e%s _ 3 16799 1 415 Rf_Hold scaO%s _ 4 263 0 0 Step_Time %02d:%02d:%02d_%s _ 5 287 2 287 Log_Interval %02d:%02d:%02d%s _ 6 415 0 0 Pump_Time %02d:%02d:%02d_%s _ 7 415 3 287 Pressure %.1f_%s mTorr 8 263 4 263 Position %.1f_%s Deg 9 263 5 263 Position_Mode __%s _ 10 263 0 0 LPS_Strike_Pressure %.1f_%s mTorr 11 263 0 0 LPS_Dc_Bias %.f_%s volts 12 263 0 0 LPS_Ramp_Rate %.f_%s _ 13 263 0 0 HF_Power %.0f_%s W 14 263 6 263 HF_Reflected_Power %.0f_%s W 0 0 7 263 Lower_Magnitude %.1f_%s % 15 263 8 263 Lower_Phase %.1f_%s % 16 263 9 263 DC_Bias %.1f_%s V 0 0 10 263 Cap_Sel %u_%s _ 17 7 0 0 Helium_Pressure %.1f_%s Torr 18 287 11 263 Helium_Flow %.1f_%s _ 0 0 12 263 He_Leak_Mode %5u_%s _ 19 287 0 0 CHF3 %.1f_%s sccm 20 395 13 395 SF6 %.1f_%s sccm 21 395 14 395 CF4 %.1f_%s sccm 22 395 15 395 Ar %.1f_%s sccm 23 395 16 395 O2 %.1f_%s sccm 24 395 17 395 Gas_Line_Select %0.d%s _ 25 3 0 0 Gas_Name %0.f%s _ 26 3 0 0 Gas_Factor_asnumber %.3f_%s _ 27 3 0 0 Gas_Flow_asnumber %.3f_%s _ 28 3 0 0 Gas_Name %0.f%s _ 29 3 0 0 Gas_Factor_asnumber %.3f_%s _ 30 3 0 0 Gas_Flow_asnumber %.3f_%s _ 31 3 0 0 Gas_Name %0.f%s _ 32 3 0 0 Gas_Factor_asnumber %.3f_%s _ 33 3 0 0 Gas_Flow_asnumber %.3f_%s _ 34 3 0 0 Gas_Name %0.f%s _ 35 3 0 0 Gas_Factor_asnumber %.3f_%s _ 36 3 0 0 Gas_Flow_asnumber %.3f_%s _ 37 3 0 0 Gas_Name %0.f%s _ 38 3 0 0 Gas_Factor_asnumber %.3f_%s _ 39 3 0 0 Gas_Flow_asnumber %.3f_%s _ 40 3 0 0 CM_Gauge_Pressure %.1f_%s mTorr 0 0 18 280 Temp %.0f_%s C 41 391 0 0 Chiller_Temp %.0f_%s C 0 0 19 263 
2608Pa02410gpitner_CNT_Active_Etch_Ar_+_02_-_Testing_-_edited  Wafer_slot_1
1078Sa02410Pump_to_5E-05_Torr_ 1 0 384 5 On 4.99e-05 0.001 5 1 0.0  0.0  0.0  0.0  0.0  20  
1095R 024106.50e-07 0.001 0 0.0  0.0  0.0  0.0  0.0  
1056Sa02413CNT_ActiveEtch_Ar_Plasma_ 2 625 257 5 Off Off 7.50e-09 Off 625 5 1 12.5  0.0  pressure 75.2  20  10  20  60.0  53.0  0.0      0  0.0  0.0  0.0  15.0  3.0  20  
1173Ra024146.58e-07 625 0 0.0  90.0  0  0  70.7  47.7  0.0  0.0  0.0  0.0  0.0  0.0  0.0  0.0  20  
1102Ra024197.50e-09 625 0 1.2  0.0  0  0  60.0  53.0  0.0  0.0  0.0  0.0  0.0  0.0  14.7  2.5  20  
1102Ra024247.50e-09 625 0 75.1  9.9  0  0  60.0  53.0  0.0  0.0  0.0  0.0  0.0  0.0  14.7  2.8  20  
1103Ra024297.50e-09 622.904 0 12.1  21.0  20  0  58.8  52.9  118.7  0.0  0.0  0.0  0.0  0.0  14.7  2.7  20  
1111Ra024347.50e-09 617.804 0 12.4  20.1  20  0  59.4  53.2  118.7  0.0  0.0  0.0  0.0  0.0  14.7  2.6  20  
1111Ra024397.50e-09 612.904 0 12.5  20.3  20  0  59.1  53.3  118.2  0.0  0.0  0.0  0.0  0.0  14.7  2.7  20  
1111Ra024447.50e-09 607.804 0 12.2  20.5  20  0  58.2  53.3  117.8  0.0  0.0  0.0  0.0  0.0  14.8  2.8  20  
1111Ra024497.50e-09 602.804 0 12.7  20.5  20  0  58.8  53.3  117.9  0.0  0.0  0.0  0.0  0.0  14.5  2.6  20  
1111Ra024547.50e-09 597.904 0 12.5  20.2  20  0  58.4  53.3  117.7  0.0  0.0  0.0  0.0  0.0  14.7  2.8  20  
1111Ra024597.50e-09 592.804 0 12.5  20.3  20  0  58.3  53.3  117.7  0.0  0.0  0.0  0.0  0.0  14.6  2.7  20  
1111Ra024647.50e-09 587.804 0 12.6  20.9  20  0  58.3  53.3  117.8  0.0  0.0  0.0  0.0  0.0  14.7  2.7  20  
1111Ra024697.50e-09 582.904 0 12.1  20.3  20  0  58.1  53.3  117.8  0.0  0.0  0.0  0.0  0.0  14.9  2.8  20  
1111Ra024747.50e-09 577.804 0 12.2  20.2  20  0  57.8  53.4  117.6  0.0  0.0  0.0  0.0  0.0  14.7  2.8  20  
1111Ra024797.50e-09 572.704 0 12.4  20.5  20  0  58.0  53.4  117.4  0.0  0.0  0.0  0.0  0.0  15.1  2.9  20  
1111Ra024847.50e-09 567.804 0 12.4  20.6  20  0  58.1  53.3  117.5  0.0  0.0  0.0  0.0  0.0  14.6  2.7  20  
1111Ra024897.50e-09 562.804 0 12.7  20.2  20  0  57.5  53.3  117.5  0.0  0.0  0.0  0.0  0.0  14.8  2.9  20  
1111Ra024947.50e-09 557.704 0 12.6  20.4  20  0  57.9  53.3  117.4  0.0  0.0  0.0  0.0  0.0  14.6  2.7  20  
1111Ra024997.50e-09 552.804 0 12.2  20.2  20  0  58.0  53.3  117.6  0.0  0.0  0.0  0.0  0.0  14.7  2.7  20  
1111Ra025047.50e-09 547.804 0 12.5  20.4  20  0  57.9  53.3  117.4  0.0  0.0  0.0  0.0  0.0  14.6  2.6  20  
1111Ra025097.50e-09 542.904 0 12.5  19.9  20  0  57.6  53.4  117.5  0.0  0.0  0.0  0.0  0.0  15.0  2.9  20  
1111Ra025147.50e-09 537.804 0 12.2  20.2  20  0  57.8  53.3  117.5  0.0  0.0  0.0  0.0  0.0  14.7  2.9  20  
1111Ra025197.50e-09 532.704 0 12.6  20.2  20  0  58.1  53.4  117.4  0.0  0.0  0.0  0.0  0.0  14.7  2.7  20  
1111Ra025247.50e-09 527.804 0 12.1  20.3  20  0  57.7  53.4  117.4  0.0  0.0  0.0  0.0  0.0  14.5  2.7  20  
1111Ra025297.50e-09 522.704 0 12.4  20.6  20  0  57.8  53.4  117.3  0.0  0.0  0.0  0.0  0.0  14.7  2.8  20  
1111Ra025347.50e-09 517.904 0 12.4  20.2  20  0  57.8  53.3  117.3  0.0  0.0  0.0  0.0  0.0  15.0  2.9  20  
1111Ra025397.50e-09 512.804 0 12.7  20.0  20  0  58.1  53.3  117.3  0.0  0.0  0.0  0.0  0.0  14.5  2.8  20  
1111Ra025447.50e-09 507.704 0 12.4  20.1  20  0  57.8  53.3  117.3  0.0  0.0  0.0  0.0  0.0  14.6  2.7  20  
1111Ra025497.50e-09 502.804 0 12.4  20.6  20  0  57.8  53.4  117.3  0.0  0.0  0.0  0.0  0.0  14.7  2.7  20  
1111Ra025547.50e-09 497.804 0 12.2  20.1  20  0  58.1  53.4  117.3  0.0  0.0  0.0  0.0  0.0  14.8  2.8  20  
1111Ra025597.50e-09 492.904 0 12.4  20.0  20  0  57.7  53.3  117.4  0.0  0.0  0.0  0.0  0.0  14.6  2.7  20  
1111Ra025647.50e-09 487.804 0 12.4  20.0  20  0  58.2  53.3  117.3  0.0  0.0  0.0  0.0  0.0  14.7  2.8  20  
1111Ra025697.50e-09 482.804 0 12.6  20.3  20  0  57.8  53.3  117.3  0.0  0.0  0.0  0.0  0.0  14.9  3.0  20  
1111Ra025747.50e-09 477.904 0 12.5  20.5  20  0  57.8  53.3  117.3  0.0  0.0  0.0  0.0  0.0  15.0  3.0  20  
1111Ra025797.50e-09 472.804 0 12.5  20.3  20  0  58.0  53.4  117.3  0.0  0.0  0.0  0.0  0.0  14.5  2.7  20  
1111Ra025847.50e-09 467.704 0 12.5  19.6  20  0  58.0  53.3  117.3  0.0  0.0  0.0  0.0  0.0  15.1  2.9  20  
1111Ra025897.50e-09 462.904 0 12.3  19.8  20  0  58.0  53.3  117.3  0.0  0.0  0.0  0.0  0.0  14.7  2.8  20  
1111Ra025947.50e-09 457.804 0 12.4  20.2  20  0  57.5  53.4  117.4  0.0  0.0  0.0  0.0  0.0  14.7  2.8  20  
1111Ra025997.50e-09 452.704 0 12.1  20.0  20  0  57.9  53.4  117.3  0.0  0.0  0.0  0.0  0.0  14.8  3.0  20  
1111Ra026047.50e-09 447.804 0 12.3  20.0  20  0  57.1  53.4  117.3  0.0  0.0  0.0  0.0  0.0  14.8  2.8  20  
1111Ra026097.50e-09 442.804 0 12.4  19.6  20  0  57.8  53.4  117.2  0.0  0.0  0.0  0.0  0.0  14.9  2.9  20  
1111Ra026147.50e-09 437.704 0 12.1  19.8  20  0  57.6  53.4  117.3  0.0  0.0  0.0  0.0  0.0  14.8  2.9  20  
1111Ra026197.50e-09 432.804 0 12.4  20.2  20  0  57.4  53.3  117.3  0.0  0.0  0.0  0.0  0.0  14.6  2.7  20  
1111Ra026247.50e-09 427.804 0 12.2  19.8  20  0  58.3  53.3  117.3  0.0  0.0  0.0  0.0  0.0  14.7  2.7  20  
1111Ra026297.50e-09 422.804 0 12.2  19.7  20  0  58.0  53.3  117.2  0.0  0.0  0.0  0.0  0.0  14.8  2.6  20  
1111Ra026347.50e-09 417.804 0 12.4  19.9  20  0  57.6  53.3  117.3  0.0  0.0  0.0  0.0  0.0  14.5  2.7  20  
1111Ra026397.50e-09 412.704 0 12.2  20.4  20  0  57.8  53.3  117.3  0.0  0.0  0.0  0.0  0.0  14.8  2.7  20  
1111Ra026447.50e-09 407.804 0 12.4  19.9  20  0  58.3  53.2  117.3  0.0  0.0  0.0  0.0  0.0  14.7  2.7  20  
1111Ra026497.50e-09 402.704 0 12.4  20.2  20  0  58.4  53.2  117.5  0.0  0.0  0.0  0.0  0.0  14.7  3.0  20  
1111Ra026547.50e-09 397.804 0 12.4  19.2  20  0  57.8  53.2  117.4  0.0  0.0  0.0  0.0  0.0  14.9  2.9  20  
1111Ra026597.50e-09 392.804 0 12.4  19.7  20  0  58.2  53.3  117.2  0.0  0.0  0.0  0.0  0.0  14.9  2.8  20  
1111Ra026647.50e-09 387.704 0 12.5  20.1  20  0  58.4  53.2  117.3  0.0  0.0  0.0  0.0  0.0  14.7  2.9  20  
1111Ra026697.50e-09 382.804 0 12.3  19.8  20  0  58.5  53.2  117.3  0.0  0.0  0.0  0.0  0.0  14.6  2.7  20  
1111Ra026747.50e-09 377.804 0 12.4  19.9  20  0  58.2  53.3  117.4  0.0  0.0  0.0  0.0  0.0  14.7  2.6  20  
1111Ra026797.50e-09 372.704 0 12.4  20.3  20  0  57.8  53.3  117.3  0.0  0.0  0.0  0.0  0.0  15.0  2.9  20  
1111Ra026847.50e-09 367.804 0 12.1  19.6  20  0  57.8  53.3  117.4  0.0  0.0  0.0  0.0  0.0  15.0  2.8  20  
1111Ra026897.50e-09 362.704 0 12.2  19.6  20  0  57.9  53.3  117.2  0.0  0.0  0.0  0.0  0.0  14.7  2.7  20  
1111Ra026947.50e-09 357.804 0 12.5  20.0  20  0  57.8  53.3  117.3  0.0  0.0  0.0  0.0  0.0  14.7  2.8  20  
1111Ra026997.50e-09 352.904 0 12.1  19.9  20  0  58.2  53.3  117.3  0.0  0.0  0.0  0.0  0.0  14.7  3.0  20  
1111Ra027047.50e-09 347.804 0 12.5  19.9  20  0  57.6  53.3  117.3  0.0  0.0  0.0  0.0  0.0  14.8  2.7  20  
1111Ra027097.50e-09 342.704 0 12.2  19.7  20  0  58.3  53.3  117.2  0.0  0.0  0.0  0.0  0.0  14.7  2.8  20  
1111Ra027147.50e-09 337.804 0 12.7  20.1  20  0  57.8  53.3  117.3  0.0  0.0  0.0  0.0  0.0  14.8  3.0  20  
1111Ra027197.50e-09 332.904 0 12.2  19.6  20  0  58.0  53.3  117.2  0.0  0.0  0.0  0.0  0.0  14.7  2.8  20  
1111Ra027247.50e-09 327.704 0 12.4  19.8  20  0  57.9  53.3  117.1  0.0  0.0  0.0  0.0  0.0  14.7  2.9  20  
1111Ra027297.50e-09 322.804 0 12.2  19.8  20  0  57.6  53.3  117.3  0.0  0.0  0.0  0.0  0.0  14.7  2.9  20  
1111Ra027347.50e-09 317.804 0 12.0  20.5  20  0  58.2  53.3  117.1  0.0  0.0  0.0  0.0  0.0  14.5  2.8  20  
1111Ra027397.50e-09 312.704 0 12.5  19.6  20  0  57.7  53.3  117.2  0.0  0.0  0.0  0.0  0.0  14.5  2.8  20  
1111Ra027447.50e-09 307.804 0 12.6  20.1  20  0  57.8  53.3  117.3  0.0  0.0  0.0  0.0  0.0  14.9  2.9  20  
1111Ra027497.50e-09 302.704 0 12.6  19.8  20  0  57.7  53.3  117.3  0.0  0.0  0.0  0.0  0.0  14.7  2.8  20  
1111Ra027547.50e-09 297.804 0 12.5  19.8  20  0  58.0  53.3  117.4  0.0  0.0  0.0  0.0  0.0  14.7  2.8  20  
1111Ra027597.50e-09 292.704 0 12.4  20.1  20  0  58.1  53.3  117.2  0.0  0.0  0.0  0.0  0.0  14.6  2.7  20  
1111Ra027647.50e-09 287.804 0 12.3  19.6  20  0  58.2  53.3  117.2  0.0  0.0  0.0  0.0  0.0  14.6  2.8  20  
1111Ra027697.50e-09 282.704 0 12.1  19.8  20  0  57.5  53.3  117.3  0.0  0.0  0.0  0.0  0.0  14.8  2.8  20  
1111Ra027747.50e-09 277.804 0 12.4  19.4  20  0  57.7  53.3  117.2  0.0  0.0  0.0  0.0  0.0  14.7  2.8  20  
1111Ra027797.50e-09 272.704 0 12.4  19.9  20  0  57.7  53.3  117.3  0.0  0.0  0.0  0.0  0.0  14.5  2.6  20  
1111Ra027847.50e-09 267.904 0 12.2  19.7  20  0  57.9  53.3  117.3  0.0  0.0  0.0  0.0  0.0  14.8  2.8  20  
1111Ra027897.50e-09 262.804 0 12.2  20.2  20  0  58.3  53.3  117.2  0.0  0.0  0.0  0.0  0.0  14.8  3.0  20  
1111Ra027947.50e-09 257.704 0 12.5  19.5  20  0  57.6  53.3  117.3  0.0  0.0  0.0  0.0  0.0  14.7  2.8  20  
1111Ra027997.50e-09 252.904 0 12.3  20.1  20  0  58.2  53.3  117.2  0.0  0.0  0.0  0.0  0.0  14.7  2.7  20  
1111Ra028047.50e-09 247.804 0 12.1  19.4  20  0  57.9  53.3  117.4  0.0  0.0  0.0  0.0  0.0  14.5  2.6  20  
1111Ra028097.50e-09 242.704 0 12.6  19.7  20  0  57.9  53.3  117.2  0.0  0.0  0.0  0.0  0.0  14.7  2.7  20  
1111Ra028147.50e-09 237.804 0 12.5  19.7  20  0  57.5  53.3  117.3  0.0  0.0  0.0  0.0  0.0  14.7  2.9  20  
1111Ra028197.50e-09 232.804 0 12.0  19.4  20  0  58.1  53.4  117.3  0.0  0.0  0.0  0.0  0.0  14.6  2.8  20  
1111Ra028247.50e-09 227.704 0 12.1  19.3  20  0  58.1  53.3  117.3  0.0  0.0  0.0  0.0  0.0  14.8  2.7  20  
1111Ra028297.50e-09 222.804 0 12.3  19.6  20  0  58.2  53.3  117.2  0.0  0.0  0.0  0.0  0.0  14.7  2.9  20  
1111Ra028347.50e-09 217.804 0 12.5  20.2  20  0  57.8  53.3  117.3  0.0  0.0  0.0  0.0  0.0  14.7  2.9  20  
1111Ra028397.50e-09 212.804 0 12.1  19.7  20  0  57.5  53.3  117.4  0.0  0.0  0.0  0.0  0.0  14.9  2.8  20  
1111Ra028447.50e-09 207.804 0 12.5  20.0  20  0  57.9  53.3  117.0  0.0  0.0  0.0  0.0  0.0  14.8  2.8  20  
1111Ra028497.50e-09 202.704 0 12.1  19.9  20  0  57.8  53.3  117.5  0.0  0.0  0.0  0.0  0.0  14.6  2.6  20  
1111Ra028547.50e-09 197.704 0 12.5  19.3  20  0  58.1  53.3  117.2  0.0  0.0  0.0  0.0  0.0  14.7  2.6  20  
1111Ra028597.50e-09 192.804 0 12.7  20.3  20  0  58.4  53.3  117.1  0.0  0.0  0.0  0.0  0.0  15.0  2.9  20  
1111Ra028647.50e-09 187.704 0 12.5  20.1  20  0  58.4  53.2  117.2  0.0  0.0  0.0  0.0  0.0  14.8  2.8  20  
1111Ra028697.50e-09 182.804 0 12.1  20.0  20  0  57.9  53.2  117.4  0.0  0.0  0.0  0.0  0.0  14.8  2.9  20  
1111Ra028747.50e-09 177.804 0 12.2  20.1  20  0  58.2  53.3  117.3  0.0  0.0  0.0  0.0  0.0  14.7  2.7  20  
1111Ra028797.50e-09 172.704 0 12.4  19.6  20  0  58.1  53.2  117.4  0.0  0.0  0.0  0.0  0.0  14.7  2.7  20  
1111Ra028847.50e-09 167.804 0 12.4  20.0  20  0  57.4  53.3  117.4  0.0  0.0  0.0  0.0  0.0  14.6  2.6  20  
1111Ra028897.50e-09 162.704 0 12.6  19.6  20  0  58.0  53.3  117.3  0.0  0.0  0.0  0.0  0.0  14.6  2.7  20  
1111Ra028947.50e-09 157.704 0 12.4  19.5  20  0  58.2  53.3  117.3  0.0  0.0  0.0  0.0  0.0  14.5  2.7  20  
1111Ra028997.50e-09 152.804 0 12.4  20.0  20  0  58.1  53.3  117.2  0.0  0.0  0.0  0.0  0.0  14.8  2.7  20  
1111Ra029047.50e-09 147.704 0 12.5  19.5  20  0  57.7  53.3  117.3  0.0  0.0  0.0  0.0  0.0  14.8  2.9  20  
1111Ra029097.50e-09 142.604 0 12.2  19.7  20  0  58.3  53.3  117.2  0.0  0.0  0.0  0.0  0.0  14.9  2.8  20  
1111Ra029147.50e-09 137.804 0 12.3  20.5  20  0  58.2  53.3  117.2  0.0  0.0  0.0  0.0  0.0  14.7  2.9  20  
1111Ra029197.50e-09 132.704 0 12.4  19.7  20  0  58.0  53.3  117.4  0.0  0.0  0.0  0.0  0.0  14.6  2.6  20  
1111Ra029247.50e-09 127.704 0 12.1  19.5  20  0  57.9  53.3  117.4  0.0  0.0  0.0  0.0  0.0  14.7  2.8  20  
1111Ra029297.50e-09 122.704 0 12.3  20.0  20  0  57.9  53.3  117.2  0.0  0.0  0.0  0.0  0.0  14.8  2.8  20  
1111Ra029347.50e-09 117.804 0 12.3  19.9  20  0  57.8  53.3  117.3  0.0  0.0  0.0  0.0  0.0  14.8  2.7  20  
1111Ra029397.50e-09 112.704 0 12.1  19.9  20  0  57.6  53.4  117.3  0.0  0.0  0.0  0.0  0.0  14.7  2.9  20  
1111Ra029447.50e-09 107.604 0 12.3  19.6  20  0  58.4  53.3  117.1  0.0  0.0  0.0  0.0  0.0  14.5  2.7  20  
1111Ra029497.50e-09 102.804 0 12.3  19.8  20  0  58.4  53.3  117.1  0.0  0.0  0.0  0.0  0.0  14.6  2.8  20  
1111Ra029547.50e-09 97.704 0 12.4  20.1  20  0  57.9  53.3  117.3  0.0  0.0  0.0  0.0  0.0  15.1  3.0  20  
1110Ra029597.50e-09 92.804 0 12.1  19.8  20  0  58.2  53.3  117.3  0.0  0.0  0.0  0.0  0.0  14.7  2.7  20  
1110Ra029647.50e-09 87.704 0 12.6  20.0  20  0  58.1  53.3  117.3  0.0  0.0  0.0  0.0  0.0  14.7  2.7  20  
1110Ra029697.50e-09 82.704 0 12.3  19.7  20  0  57.8  53.3  117.3  0.0  0.0  0.0  0.0  0.0  15.0  2.9  20  
1110Ra029747.50e-09 77.804 0 12.7  19.7  20  0  57.7  53.3  117.4  0.0  0.0  0.0  0.0  0.0  14.6  2.8  20  
1110Ra029797.50e-09 72.704 0 12.4  20.1  20  0  57.7  53.3  117.2  0.0  0.0  0.0  0.0  0.0  14.8  2.8  20  
1110Ra029847.50e-09 67.704 0 12.5  20.2  20  0  58.0  53.3  117.2  0.0  0.0  0.0  0.0  0.0  15.0  3.0  20  
1110Ra029897.50e-09 62.804 0 12.4  19.9  20  0  58.5  53.3  117.2  0.0  0.0  0.0  0.0  0.0  14.8  3.0  20  
1110Ra029947.50e-09 57.704 0 12.3  19.5  20  0  57.4  53.3  117.3  0.0  0.0  0.0  0.0  0.0  14.7  2.7  20  
1110Ra029997.50e-09 52.604 0 12.2  19.8  20  0  58.1  53.3  117.2  0.0  0.0  0.0  0.0  0.0  14.6  2.7  20  
1110Ra030047.50e-09 47.704 0 12.2  19.3  20  0  57.6  53.3  117.5  0.0  0.0  0.0  0.0  0.0  14.7  2.7  20  
1110Ra030097.50e-09 42.804 0 12.2  19.7  20  0  57.6  53.3  117.2  0.0  0.0  0.0  0.0  0.0  14.5  2.7  20  
1110Ra030147.50e-09 37.704 0 12.3  19.6  20  0  57.8  53.4  117.3  0.0  0.0  0.0  0.0  0.0  14.6  2.6  20  
1110Ra030197.50e-09 32.804 0 11.8  19.8  20  0  58.2  53.3  117.3  0.0  0.0  0.0  0.0  0.0  14.9  2.8  20  
1110Ra030247.50e-09 27.804 0 12.5  19.8  20  0  57.6  53.3  117.3  0.0  0.0  0.0  0.0  0.0  15.1  3.0  20  
1110Ra030297.50e-09 22.704 0 12.0  19.6  20  0  58.4  53.3  117.3  0.0  0.0  0.0  0.0  0.0  14.9  2.8  20  
1110Ra030347.50e-09 17.804 0 12.4  19.7  20  0  58.2  53.2  117.3  0.0  0.0  0.0  0.0  0.0  14.7  2.8  20  
1110Ra030397.50e-09 12.704 0 12.4  20.6  20  0  58.0  53.2  117.5  0.0  0.0  0.0  0.0  0.0  14.7  2.8  20  
1110Ra030447.50e-09 7.604 0 12.0  19.7  20  0  58.0  53.2  117.3  0.0  0.0  0.0  0.0  0.0  14.9  2.7  20  
1109Ra030497.50e-09 2.704 0 12.5  19.8  20  0  58.0  53.2  117.4  0.0  0.0  0.0  0.0  0.0  14.7  2.7  20  
1109Sa03051Pump_to_5E-05_Torr_ 3 0 384 5 On 4.99e-05 0.001 5 1 0.0  0.0  0.0  0.0  0.0  20  
1095R 030527.50e-03 0.001 0 0.0  0.0  0.0  0.0  0.0  
1056R 030572.24e-04 0.001 0 0.0  0.0  0.0  0.0  0.0  
1056R 030625.03e-05 0.001 0 0.0  0.0  0.0  0.0  0.0  
1056pa03064
1014Pa04558gpitner_CNT_Active_Etch_Ar_+_02_-_Testing_-_edited  Wafer_slot_1
1078Sa04558Pump_to_5E-05_Torr_ 1 0 384 5 On 4.99e-05 0.001 5 1 0.0  0.0  0.0  0.0  0.0  20  
1095R 045585.69e-05 0.001 0 0.0  0.0  0.0  0.0  0.0  
1056R 045635.67e-05 0.001 0 0.0  0.0  0.0  0.0  0.0  
1056R 045685.62e-05 0.001 0 0.0  0.0  0.0  0.0  0.0  
1056R 045735.64e-05 0.001 0 0.0  0.0  0.0  0.0  0.0  
1056R 045785.60e-05 0.001 0 0.0  0.0  0.0  0.0  0.0  
1056R 045835.58e-05 0.001 0 0.0  0.0  0.0  0.0  0.0  
1056R 045885.58e-05 0.001 0 0.0  0.0  0.0  0.0  0.0  
1056R 045935.55e-05 0.001 0 0.0  0.0  0.0  0.0  0.0  
1056R 045985.51e-05 0.001 0 0.0  0.0  0.0  0.0  0.0  
1056R 046035.51e-05 0.001 0 0.0  0.0  0.0  0.0  0.0  
1056R 046085.50e-05 0.001 0 0.0  0.0  0.0  0.0  0.0  
1056R 046135.48e-05 0.001 0 0.0  0.0  0.0  0.0  0.0  
1056R 046185.44e-05 0.001 0 0.0  0.0  0.0  0.0  0.0  
1056R 046235.44e-05 0.001 0 0.0  0.0  0.0  0.0  0.0  
1056R 046285.43e-05 0.001 0 0.0  0.0  0.0  0.0  0.0  
1056R 046335.41e-05 0.001 0 0.0  0.0  0.0  0.0  0.0  
1056R 046385.41e-05 0.001 0 0.0  0.0  0.0  0.0  0.0  
1056R 046435.37e-05 0.001 0 0.0  0.0  0.0  0.0  0.0  
1056R 046485.36e-05 0.001 0 0.0  0.0  0.0  0.0  0.0  
1056R 046535.34e-05 0.001 0 0.0  0.0  0.0  0.0  0.0  
1056R 046585.34e-05 0.001 0 0.0  0.0  0.0  0.0  0.0  
1056R 046635.32e-05 0.001 0 0.0  0.0  0.0  0.0  0.0  
1056R 046685.29e-05 0.001 0 0.0  0.0  0.0  0.0  0.0  
1056R 046735.29e-05 0.001 0 0.0  0.0  0.0  0.0  0.0  
1056R 046785.27e-05 0.001 0 0.0  0.0  0.0  0.0  0.0  
1056R 046835.25e-05 0.001 0 0.0  0.0  0.0  0.0  0.0  
1056R 046885.22e-05 0.001 0 0.0  0.0  0.0  0.0  0.0  
1056R 046935.22e-05 0.001 0 0.0  0.0  0.0  0.0  0.0  
1056R 046985.22e-05 0.001 0 0.0  0.0  0.0  0.0  0.0  
1056R 047035.18e-05 0.001 0 0.0  0.0  0.0  0.0  0.0  
1056R 047085.18e-05 0.001 0 0.0  0.0  0.0  0.0  0.0  
1056R 047135.15e-05 0.001 0 0.0  0.0  0.0  0.0  0.0  
1056R 047185.15e-05 0.001 0 0.0  0.0  0.0  0.0  0.0  
1056R 047235.11e-05 0.001 0 0.0  0.0  0.0  0.0  0.0  
1056R 047285.08e-05 0.001 0 0.0  0.0  0.0  0.0  0.0  
1056R 047335.08e-05 0.001 0 0.0  0.0  0.0  0.0  0.0  
1056R 047385.08e-05 0.001 0 0.0  0.0  0.0  0.0  0.0  
1056R 047435.06e-05 0.001 0 0.0  0.0  0.0  0.0  0.0  
1056R 047485.04e-05 0.001 0 0.0  0.0  0.0  0.0  0.0  
1056R 047535.03e-05 0.001 0 0.0  0.0  0.0  0.0  0.0  
1056R 047585.03e-05 0.001 0 0.0  0.0  0.0  0.0  0.0  
1056R 047634.99e-05 0.001 0 0.0  0.0  0.0  0.0  0.0  
1056R 047684.99e-05 0.001 0 0.0  0.0  0.0  0.0  0.0  
1056Sa04768CNT_ActiveEtch_Ar_Plasma_ 2 45 257 5 Off Off 7.50e-09 Off 45 5 1 12.5  0.0  pressure 75.2  20  10  20  60.0  53.0  0.0      0  0.0  0.0  0.0  15.0  3.0  20  
1171Ra047694.99e-05 45 0 0.0  90.0  0  0  70.7  47.7  0.0  0.0  0.0  0.0  0.0  0.0  0.3  0.0  20  
1101Ra047747.50e-09 45 0 44.4  0.0  0  0  60.0  53.0  0.0  0.0  0.0  0.0  0.0  0.0  14.9  2.8  20  
1102Ra047797.50e-09 45 0 75.2  9.9  0  0  60.0  53.0  0.0  0.0  0.0  0.0  0.0  0.0  14.7  3.0  20  
1102Ra047847.50e-09 40.304 0 12.2  21.1  20  0  58.3  53.1  114.9  0.0  0.0  0.0  0.0  0.0  14.5  2.6  20  
1110Ra047897.50e-09 35.404 0 12.5  20.3  20  0  57.6  53.1  114.1  0.0  0.0  0.0  0.0  0.0  14.7  2.6  20  
1110Ra047947.50e-09 30.404 0 12.3  20.5  20  0  57.1  53.2  114.0  0.0  0.0  0.0  0.0  0.0  14.6  2.6  20  
1110Ra047997.50e-09 25.504 0 12.7  20.2  20  0  56.5  53.2  113.7  0.0  0.0  0.0  0.0  0.0  15.0  2.9  20  
1110Ra048047.50e-09 20.404 0 12.4  20.7  20  0  56.6  53.3  113.6  0.0  0.0  0.0  0.0  0.0  14.5  2.9  20  
1110Ra048097.50e-09 15.304 0 12.5  20.3  20  0  56.3  53.3  113.4  0.0  0.0  0.0  0.0  0.0  14.5  2.7  20  
1110Ra048147.50e-09 10.404 0 12.3  20.1  20  0  56.1  53.3  113.3  0.0  0.0  0.0  0.0  0.0  14.8  2.9  20  
1110Ra048197.50e-09 5.404 0 12.5  20.3  20  0  56.6  53.3  113.1  0.0  0.0  0.0  0.0  0.0  14.6  2.7  20  
1109Ra048247.50e-09 0.504 0 12.5  19.9  20  0  56.2  53.3  113.2  0.0  0.0  0.0  0.0  0.0  14.7  2.9  20  
1109Sa04824Pump_to_5E-05_Torr_ 3 0 384 5 On 4.99e-05 0.001 5 1 0.0  0.0  0.0  0.0  0.0  20  
1095R 048257.50e-03 0.001 0 0.0  0.0  0.0  0.0  0.0  
1056R 048302.59e-04 0.001 0 0.0  0.0  0.0  0.0  0.0  
1056R 048359.59e-05 0.001 0 0.0  0.0  0.0  0.0  0.0  
1056R 048406.80e-05 0.001 0 0.0  0.0  0.0  0.0  0.0  
1056R 048455.84e-05 0.001 0 0.0  0.0  0.0  0.0  0.0  
1056R 048505.44e-05 0.001 0 0.0  0.0  0.0  0.0  0.0  
1056R 048555.25e-05 0.001 0 0.0  0.0  0.0  0.0  0.0  
1056R 048605.11e-05 0.001 0 0.0  0.0  0.0  0.0  0.0  
1056R 048654.99e-05 0.001 0 0.0  0.0  0.0  0.0  0.0  
1056R 048704.92e-05 0 0 0.0  0.0  0.0  0.0  0.0  
1052R 048754.82e-05 0 0 0.0  0.0  0.0  0.0  0.0  
1052R 048804.75e-05 0 0 0.0  0.0  0.0  0.0  0.0  
1052R 048854.73e-05 0 0 0.0  0.0  0.0  0.0  0.0  
1052R 048904.71e-05 0 0 0.0  0.0  0.0  0.0  0.0  
1052R 048954.64e-05 0 0 0.0  0.0  0.0  0.0  0.0  
1052pa04896
1014Pa06464gpitner_CNT_Active_Etch_Ar_+_02_-_Testing_-_edited  Wafer_slot_1
1078Sa06464Pump_to_5E-05_Torr_ 1 0 384 5 On 4.99e-05 0.001 5 1 0.0  0.0  0.0  0.0  0.0  20  
1095R 064645.70e-05 0.001 0 0.0  0.0  0.0  0.0  0.0  
1056R 064695.69e-05 0.001 0 0.0  0.0  0.0  0.0  0.0  
1056R 064745.67e-05 0.001 0 0.0  0.0  0.0  0.0  0.0  
1056R 064795.64e-05 0.001 0 0.0  0.0  0.0  0.0  0.0  
1056R 064845.64e-05 0.001 0 0.0  0.0  0.0  0.0  0.0  
1056R 064895.60e-05 0.001 0 0.0  0.0  0.0  0.0  0.0  
1056R 064945.58e-05 0.001 0 0.0  0.0  0.0  0.0  0.0  
1056R 064995.58e-05 0.001 0 0.0  0.0  0.0  0.0  0.0  
1056R 065045.58e-05 0.001 0 0.0  0.0  0.0  0.0  0.0  
1056R 065095.55e-05 0.001 0 0.0  0.0  0.0  0.0  0.0  
1056R 065145.57e-05 0.001 0 0.0  0.0  0.0  0.0  0.0  
1056R 065195.53e-05 0.001 0 0.0  0.0  0.0  0.0  0.0  
1056R 065245.51e-05 0.001 0 0.0  0.0  0.0  0.0  0.0  
1056R 065295.50e-05 0.001 0 0.0  0.0  0.0  0.0  0.0  
1056R 065345.50e-05 0.001 0 0.0  0.0  0.0  0.0  0.0  
1056R 065395.48e-05 0.001 0 0.0  0.0  0.0  0.0  0.0  
1056R 065445.46e-05 0.001 0 0.0  0.0  0.0  0.0  0.0  
1056R 065495.44e-05 0.001 0 0.0  0.0  0.0  0.0  0.0  
1056R 065545.44e-05 0.001 0 0.0  0.0  0.0  0.0  0.0  
1056R 065595.43e-05 0.001 0 0.0  0.0  0.0  0.0  0.0  
1056R 065645.41e-05 0.001 0 0.0  0.0  0.0  0.0  0.0  
1056R 065695.39e-05 0.001 0 0.0  0.0  0.0  0.0  0.0  
1056R 065745.39e-05 0.001 0 0.0  0.0  0.0  0.0  0.0  
1056R 065795.37e-05 0.001 0 0.0  0.0  0.0  0.0  0.0  
1056R 065845.36e-05 0.001 0 0.0  0.0  0.0  0.0  0.0  
1056R 065895.36e-05 0.001 0 0.0  0.0  0.0  0.0  0.0  
1056R 065945.32e-05 0.001 0 0.0  0.0  0.0  0.0  0.0  
1056R 065995.30e-05 0.001 0 0.0  0.0  0.0  0.0  0.0  
1056R 066045.30e-05 0.001 0 0.0  0.0  0.0  0.0  0.0  
1056R 066095.29e-05 0.001 0 0.0  0.0  0.0  0.0  0.0  
1056R 066145.27e-05 0.001 0 0.0  0.0  0.0  0.0  0.0  
1056R 066195.27e-05 0.001 0 0.0  0.0  0.0  0.0  0.0  
1056R 066245.25e-05 0.001 0 0.0  0.0  0.0  0.0  0.0  
1056R 066295.24e-05 0.001 0 0.0  0.0  0.0  0.0  0.0  
1056R 066345.24e-05 0.001 0 0.0  0.0  0.0  0.0  0.0  
1056R 066395.20e-05 0.001 0 0.0  0.0  0.0  0.0  0.0  
1056R 066445.20e-05 0.001 0 0.0  0.0  0.0  0.0  0.0  
1056R 066495.18e-05 0.001 0 0.0  0.0  0.0  0.0  0.0  
1056R 066545.17e-05 0.001 0 0.0  0.0  0.0  0.0  0.0  
1056R 066595.15e-05 0.001 0 0.0  0.0  0.0  0.0  0.0  
1056R 066645.13e-05 0.001 0 0.0  0.0  0.0  0.0  0.0  
1056R 066695.11e-05 0.001 0 0.0  0.0  0.0  0.0  0.0  
1056R 066745.13e-05 0.001 0 0.0  0.0  0.0  0.0  0.0  
1056R 066795.11e-05 0.001 0 0.0  0.0  0.0  0.0  0.0  
1056R 066845.08e-05 0.001 0 0.0  0.0  0.0  0.0  0.0  
1056R 066895.06e-05 0.001 0 0.0  0.0  0.0  0.0  0.0  
1056R 066945.04e-05 0.001 0 0.0  0.0  0.0  0.0  0.0  
1056R 066995.04e-05 0.001 0 0.0  0.0  0.0  0.0  0.0  
1056R 067045.01e-05 0.001 0 0.0  0.0  0.0  0.0  0.0  
1056R 067094.99e-05 0.001 0 0.0  0.0  0.0  0.0  0.0  
1056R 067144.97e-05 0.001 0 0.0  0.0  0.0  0.0  0.0  
1056R 067194.97e-05 0.001 0 0.0  0.0  0.0  0.0  0.0  
1056Sa06721CNT_ActiveEtch_Ar_Plasma_ 2 45 257 5 Off Off 7.50e-09 Off 45 5 1 12.5  0.0  pressure 75.2  20  10  20  60.0  53.0  0.0      0  0.0  0.0  0.0  15.0  3.0  20  
1171Ra067227.50e-09 45 0 0.0  3.5  0  0  69.8  51.2  0.0  0.0  0.0  0.0  0.0  0.0  0.2  0.0  20  
1100Ra067277.50e-09 45 0 60.0  0.0  0  0  60.0  53.0  0.0  0.0  0.0  0.0  0.0  0.0  14.7  2.9  20  
1102Ra067327.50e-09 45 0 75.2  9.8  0  0  60.0  53.0  0.0  0.0  0.0  0.0  0.0  0.0  14.9  2.8  20  
1102Ra067377.50e-09 40.004 0 12.7  20.5  20  0  59.8  52.9  117.6  0.0  0.0  0.0  0.0  0.0  14.5  2.6  20  
1110Ra067427.50e-09 35.104 0 12.3  20.7  20  0  59.0  53.0  117.4  0.0  0.0  0.0  0.0  0.0  14.7  2.6  20  
1110Ra067477.50e-09 30.104 0 12.5  20.6  20  0  58.9  53.0  117.2  0.0  0.0  0.0  0.0  0.0  14.7  2.6  20  
1110Ra067527.50e-09 25.004 0 12.5  21.0  20  0  58.9  53.0  117.0  0.0  0.0  0.0  0.0  0.0  14.8  2.8  20  
1110Ra067577.50e-09 20.104 0 12.9  20.6  20  0  58.7  53.0  116.9  0.0  0.0  0.0  0.0  0.0  14.7  2.8  20  
1110Ra067627.50e-09 15.004 0 12.1  20.6  20  0  59.3  53.0  116.8  0.0  0.0  0.0  0.0  0.0  14.7  2.7  20  
1110Ra067677.50e-09 10.004 0 12.4  20.6  20  0  58.8  53.0  116.8  0.0  0.0  0.0  0.0  0.0  14.6  2.7  20  
1110Ra067727.50e-09 5.104 0 12.4  20.7  20  0  58.6  53.0  116.7  0.0  0.0  0.0  0.0  0.0  14.5  2.7  20  
1109Ra067777.50e-09 0.004 0 12.8  20.7  20  0  59.0  53.0  116.7  0.0  0.0  0.0  0.0  0.0  14.9  2.9  20  
1109Sa06777Pump_to_5E-05_Torr_ 3 0 384 5 On 4.99e-05 0.001 5 1 0.0  0.0  0.0  0.0  0.0  20  
1095R 067787.50e-03 0.001 0 0.0  0.0  0.0  0.0  0.0  
1056R 067832.24e-04 0.001 0 0.0  0.0  0.0  0.0  0.0  
1056R 067889.27e-05 0.001 0 0.0  0.0  0.0  0.0  0.0  
1056R 067936.69e-05 0.001 0 0.0  0.0  0.0  0.0  0.0  
1056R 067985.86e-05 0.001 0 0.0  0.0  0.0  0.0  0.0  
1056R 068035.46e-05 0.001 0 0.0  0.0  0.0  0.0  0.0  
1056R 068085.27e-05 0.001 0 0.0  0.0  0.0  0.0  0.0  
1056R 068135.15e-05 0.001 0 0.0  0.0  0.0  0.0  0.0  
1056R 068185.03e-05 0.001 0 0.0  0.0  0.0  0.0  0.0  
1056R 068234.96e-05 0.001 0 0.0  0.0  0.0  0.0  0.0  
1056pa06825
1014Pa82991Armin_-_Chamber_Clean_O2 QPAK_CLEAN/CONDITION Wafer_slot_1
1072Sa82991Pump_to_5E-05_Torr_ 1 0 384 5 On 4.99e-05 0.001 5 1 0.0  0.0  0.0  0.0  0.0  20  
1095R 829927.50e-03 0.001 0 0.0  0.0  0.0  0.0  0.0  
1056R 829977.50e-03 0.001 0 0.0  0.0  0.0  0.0  0.0  
1056R 830027.50e-03 0.001 0 0.0  0.0  0.0  0.0  0.0  
1056R 830077.50e-03 0.001 0 0.0  0.0  0.0  0.0  0.0  
1056R 830127.50e-03 0.001 0 0.0  0.0  0.0  0.0  0.0  
1056R 830173.78e-04 0.001 0 0.0  0.0  0.0  0.0  0.0  
1056R 830222.75e-04 0.001 0 0.0  0.0  0.0  0.0  0.0  
1056R 830272.15e-04 0.001 0 0.0  0.0  0.0  0.0  0.0  
1056R 830321.94e-04 0.001 0 0.0  0.0  0.0  0.0  0.0  
1056R 830371.75e-04 0.001 0 0.0  0.0  0.0  0.0  0.0  
1056R 830421.56e-04 0.001 0 0.0  0.0  0.0  0.0  0.0  
1056R 830471.42e-04 0.001 0 0.0  0.0  0.0  0.0  0.0  
1056R 830521.31e-04 0.001 0 0.0  0.0  0.0  0.0  0.0  
1056R 830571.22e-04 0.001 0 0.0  0.0  0.0  0.0  0.0  
1056R 830621.15e-04 0.001 0 0.0  0.0  0.0  0.0  0.0  
1056R 830671.07e-04 0.001 0 0.0  0.0  0.0  0.0  0.0  
1056R 830721.00e-04 0.001 0 0.0  0.0  0.0  0.0  0.0  
1056R 830779.27e-05 0.001 0 0.0  0.0  0.0  0.0  0.0  
1056R 830828.63e-05 0.001 0 0.0  0.0  0.0  0.0  0.0  
1056R 830878.20e-05 0.001 0 0.0  0.0  0.0  0.0  0.0  
1056R 830928.00e-05 0.001 0 0.0  0.0  0.0  0.0  0.0  
1056R 830977.73e-05 0.001 0 0.0  0.0  0.0  0.0  0.0  
1056R 831027.54e-05 0.001 0 0.0  0.0  0.0  0.0  0.0  
1056R 831077.34e-05 0.001 0 0.0  0.0  0.0  0.0  0.0  
1056R 831127.15e-05 0.001 0 0.0  0.0  0.0  0.0  0.0  
1056R 831176.96e-05 0.001 0 0.0  0.0  0.0  0.0  0.0  
1056R 831226.80e-05 0.001 0 0.0  0.0  0.0  0.0  0.0  
1056R 831276.58e-05 0.001 0 0.0  0.0  0.0  0.0  0.0  
1056R 831326.44e-05 0.001 0 0.0  0.0  0.0  0.0  0.0  
1056R 831376.30e-05 0.001 0 0.0  0.0  0.0  0.0  0.0  
1056R 831426.14e-05 0.001 0 0.0  0.0  0.0  0.0  0.0  
1056R 831476.00e-05 0.001 0 0.0  0.0  0.0  0.0  0.0  
1056R 831525.91e-05 0.001 0 0.0  0.0  0.0  0.0  0.0  
1056R 831575.86e-05 0.001 0 0.0  0.0  0.0  0.0  0.0  
1056R 831625.74e-05 0.001 0 0.0  0.0  0.0  0.0  0.0  
1056R 831675.67e-05 0.001 0 0.0  0.0  0.0  0.0  0.0  
1056R 831725.58e-05 0.001 0 0.0  0.0  0.0  0.0  0.0  
1056R 831775.50e-05 0.001 0 0.0  0.0  0.0  0.0  0.0  
1056R 831825.43e-05 0.001 0 0.0  0.0  0.0  0.0  0.0  
1056R 831875.36e-05 0.001 0 0.0  0.0  0.0  0.0  0.0  
1056R 831925.29e-05 0.001 0 0.0  0.0  0.0  0.0  0.0  
1056R 831975.24e-05 0.001 0 0.0  0.0  0.0  0.0  0.0  
1056R 832025.15e-05 0.001 0 0.0  0.0  0.0  0.0  0.0  
1056R 832075.10e-05 0.001 0 0.0  0.0  0.0  0.0  0.0  
1056R 832125.03e-05 0.001 0 0.0  0.0  0.0  0.0  0.0  
1056R 832174.96e-05 0.001 0 0.0  0.0  0.0  0.0  0.0  
1056Sa83217Chamber_Clean_ 2 600 257 5 Off Off 7.50e-09 Off 600 5 1 100.0  0.0  pressure 100.0  0  0  200  0.0  0.0  0.0      0  0.0  0.0  0.0  0.0  50.0  20  
1161Ra832184.96e-05 600 0 0.0  90.0  0  0  70.7  47.7  0.0  0.0  0.0  0.0  0.0  0.0  0.0  0.0  20  
1102Ra832237.50e-09 600 0 99.9  12.4  0  0  70.7  47.7  0.0  0.0  0.0  0.0  0.0  0.0  0.0  50.0  20  
1104Ra832287.50e-09 599.936 0 99.9  12.2  156  98  71.8  49.0  157.2  0.0  0.0  0.0  0.0  0.0  0.0  49.9  20  
1113Ra832337.50e-09 596.292 0 99.9  12.5  201  1  69.5  51.4  367.6  0.0  0.0  0.0  0.0  0.0  0.0  49.9  20  
1112Ra832387.50e-09 591.192 0 99.6  12.4  201  0  63.7  52.1  368.4  0.0  0.0  0.0  0.0  0.0  0.0  49.9  20  
1112Ra832437.50e-09 586.392 0 99.7  12.5  201  1  61.8  52.2  368.7  0.0  0.0  0.0  0.0  0.0  0.0  49.8  20  
1112Ra832487.50e-09 581.292 0 99.9  12.4  201  1  61.2  52.3  368.7  0.0  0.0  0.0  0.0  0.0  0.0  49.7  20  
1112Ra832537.50e-09 576.392 0 99.9  12.3  201  1  61.1  52.3  369.1  0.0  0.0  0.0  0.0  0.0  0.0  50.2  20  
1112Ra832587.50e-09 571.392 0 99.8  12.4  201  1  61.3  52.3  369.6  0.0  0.0  0.0  0.0  0.0  0.0  49.7  20  
1112Ra832637.50e-09 566.292 0 99.9  12.4  201  1  61.2  52.3  369.6  0.0  0.0  0.0  0.0  0.0  0.0  49.7  20  
1112Ra832687.50e-09 561.392 0 99.9  12.3  201  1  61.1  52.3  370.0  0.0  0.0  0.0  0.0  0.0  0.0  49.7  20  
1112Ra832737.50e-09 556.292 0 100.1  12.3  201  1  61.0  52.3  369.9  0.0  0.0  0.0  0.0  0.0  0.0  49.9  20  
1113Ra832787.50e-09 551.292 0 100.2  12.4  201  1  61.1  52.3  370.3  0.0  0.0  0.0  0.0  0.0  0.0  49.8  20  
1113Ra832837.50e-09 546.392 0 99.8  12.4  201  1  61.3  52.3  370.4  0.0  0.0  0.0  0.0  0.0  0.0  49.8  20  
1112Ra832887.50e-09 541.292 0 99.9  12.5  201  1  61.2  52.3  370.3  0.0  0.0  0.0  0.0  0.0  0.0  50.0  20  
1112Ra832937.50e-09 536.192 0 100.0  12.4  201  1  60.9  52.3  370.2  0.0  0.0  0.0  0.0  0.0  0.0  49.7  20  
1113Ra832987.50e-09 531.392 0 100.0  12.4  201  1  61.2  52.3  370.3  0.0  0.0  0.0  0.0  0.0  0.0  49.9  20  
1113Ra833037.50e-09 526.292 0 100.0  12.3  201  1  61.3  52.3  370.2  0.0  0.0  0.0  0.0  0.0  0.0  49.8  20  
1113Ra833087.50e-09 521.392 0 99.6  12.3  201  1  61.2  52.3  370.7  0.0  0.0  0.0  0.0  0.0  0.0  49.7  20  
1112Ra833137.50e-09 516.392 0 100.2  12.4  201  1  61.2  52.3  370.3  0.0  0.0  0.0  0.0  0.0  0.0  49.8  20  
1113Ra833187.50e-09 511.292 0 100.1  12.4  201  1  61.1  52.3  370.4  0.0  0.0  0.0  0.0  0.0  0.0  49.6  20  
1113Ra833237.50e-09 506.392 0 100.3  12.3  201  1  61.1  52.3  370.6  0.0  0.0  0.0  0.0  0.0  0.0  49.8  20  
1113Ra833287.50e-09 501.292 0 100.2  12.4  201  1  61.2  52.3  370.7  0.0  0.0  0.0  0.0  0.0  0.0  49.8  20  
1113Ra833337.50e-09 496.392 0 99.9  12.3  201  1  61.2  52.3  370.9  0.0  0.0  0.0  0.0  0.0  0.0  49.8  20  
1112Ra833387.50e-09 491.292 0 100.2  12.4  201  1  61.3  52.3  370.9  0.0  0.0  0.0  0.0  0.0  0.0  49.7  20  
1113Ra833437.50e-09 486.192 0 99.9  12.3  201  1  61.2  52.3  371.1  0.0  0.0  0.0  0.0  0.0  0.0  49.8  20  
1112Ra833487.50e-09 481.392 0 99.9  12.3  201  1  61.3  52.3  371.3  0.0  0.0  0.0  0.0  0.0  0.0  49.8  20  
1112Ra833537.50e-09 476.292 0 100.1  12.4  201  1  61.3  52.3  371.1  0.0  0.0  0.0  0.0  0.0  0.0  50.0  20  
1113Ra833587.50e-09 471.192 0 100.0  12.4  201  1  61.1  52.3  370.9  0.0  0.0  0.0  0.0  0.0  0.0  49.7  20  
1113Ra833637.50e-09 466.392 0 99.9  12.5  201  1  61.1  52.2  371.0  0.0  0.0  0.0  0.0  0.0  0.0  49.7  20  
1112Ra833687.50e-09 461.292 0 99.9  12.4  201  1  61.4  52.2  371.3  0.0  0.0  0.0  0.0  0.0  0.0  49.9  20  
1112Ra833737.50e-09 456.292 0 100.1  12.5  201  1  61.3  52.2  371.2  0.0  0.0  0.0  0.0  0.0  0.0  49.6  20  
1113Ra833787.50e-09 451.192 0 100.0  12.4  201  1  61.5  52.2  371.3  0.0  0.0  0.0  0.0  0.0  0.0  50.1  20  
1113Ra833837.50e-09 446.392 0 100.0  12.4  201  1  61.1  52.2  371.5  0.0  0.0  0.0  0.0  0.0  0.0  49.8  20  
1113Ra833887.50e-09 441.292 0 99.9  12.2  201  1  61.2  52.2  371.3  0.0  0.0  0.0  0.0  0.0  0.0  49.9  20  
1112Ra833937.50e-09 436.392 0 100.0  12.3  201  1  61.1  52.2  371.3  0.0  0.0  0.0  0.0  0.0  0.0  49.9  20  
1113Ra833987.50e-09 431.292 0 100.0  12.4  201  1  61.2  52.2  371.4  0.0  0.0  0.0  0.0  0.0  0.0  49.7  20  
1113Ra834037.50e-09 426.192 0 100.0  12.4  201  1  61.4  52.2  371.6  0.0  0.0  0.0  0.0  0.0  0.0  49.9  20  
1113Ra834087.50e-09 421.292 0 99.9  12.3  201  1  61.3  52.2  371.4  0.0  0.0  0.0  0.0  0.0  0.0  50.2  20  
1112Ra834137.50e-09 416.292 0 100.3  12.5  201  1  61.5  52.2  371.7  0.0  0.0  0.0  0.0  0.0  0.0  49.7  20  
1113Ra834187.50e-09 411.392 0 100.2  12.3  201  1  61.3  52.2  371.5  0.0  0.0  0.0  0.0  0.0  0.0  49.6  20  
1113Ra834237.50e-09 406.292 0 99.9  12.2  201  1  61.3  52.2  371.3  0.0  0.0  0.0  0.0  0.0  0.0  50.0  20  
1112Ra834287.50e-09 401.292 0 100.3  12.4  201  1  61.5  52.2  371.5  0.0  0.0  0.0  0.0  0.0  0.0  49.7  20  
1113Ra834337.50e-09 396.392 0 100.2  12.3  201  1  61.6  52.2  371.7  0.0  0.0  0.0  0.0  0.0  0.0  49.5  20  
1113Ra834387.50e-09 391.292 0 100.0  12.4  201  1  61.2  52.2  371.6  0.0  0.0  0.0  0.0  0.0  0.0  49.8  20  
1113Ra834437.50e-09 386.192 0 100.0  12.3  201  1  61.5  52.2  371.6  0.0  0.0  0.0  0.0  0.0  0.0  49.9  20  
1113Ra834487.50e-09 381.392 0 100.0  12.6  201  1  61.4  52.2  371.6  0.0  0.0  0.0  0.0  0.0  0.0  49.8  20  
1113Ra834537.50e-09 376.192 0 100.0  12.3  201  1  61.5  52.2  371.6  0.0  0.0  0.0  0.0  0.0  0.0  49.6  20  
1113Ra834587.50e-09 371.392 0 100.0  12.3  201  1  61.1  52.2  371.4  0.0  0.0  0.0  0.0  0.0  0.0  50.0  20  
1113Ra834637.50e-09 366.292 0 99.9  12.4  201  1  61.4  52.2  371.9  0.0  0.0  0.0  0.0  0.0  0.0  49.7  20  
1112Ra834687.50e-09 361.192 0 99.9  12.3  201  1  61.5  52.2  371.9  0.0  0.0  0.0  0.0  0.0  0.0  49.5  20  
1112Ra834737.50e-09 356.292 0 100.2  12.4  201  1  61.4  52.2  371.9  0.0  0.0  0.0  0.0  0.0  0.0  49.8  20  
1113Ra834787.50e-09 351.292 0 99.8  12.5  201  1  61.2  52.2  371.7  0.0  0.0  0.0  0.0  0.0  0.0  49.9  20  
1112Ra834837.50e-09 346.192 0 100.1  12.3  201  1  61.5  52.2  372.1  0.0  0.0  0.0  0.0  0.0  0.0  49.9  20  
1113Ra834887.50e-09 341.292 0 99.9  12.3  201  1  61.6  52.2  371.8  0.0  0.0  0.0  0.0  0.0  0.0  49.8  20  
1112Ra834937.50e-09 336.292 0 99.8  12.3  201  1  61.4  52.2  372.0  0.0  0.0  0.0  0.0  0.0  0.0  49.8  20  
1112Ra834987.50e-09 331.392 0 100.0  12.3  201  1  61.3  52.2  371.9  0.0  0.0  0.0  0.0  0.0  0.0  49.9  20  
1113Ra835037.50e-09 326.292 0 100.0  12.3  201  1  61.3  52.2  371.9  0.0  0.0  0.0  0.0  0.0  0.0  49.6  20  
1113Ra835087.50e-09 321.192 0 99.9  12.4  201  1  61.5  52.2  372.0  0.0  0.0  0.0  0.0  0.0  0.0  49.7  20  
1112Ra835137.50e-09 316.392 0 100.1  12.4  201  1  61.5  52.2  372.1  0.0  0.0  0.0  0.0  0.0  0.0  49.7  20  
1113Ra835187.50e-09 311.292 0 100.0  12.5  201  1  61.5  52.2  372.3  0.0  0.0  0.0  0.0  0.0  0.0  50.0  20  
1113Ra835237.50e-09 306.192 0 99.8  12.5  201  1  61.4  52.2  372.0  0.0  0.0  0.0  0.0  0.0  0.0  49.8  20  
1112Ra835287.50e-09 301.292 0 100.0  12.4  201  1  61.2  52.2  372.2  0.0  0.0  0.0  0.0  0.0  0.0  49.8  20  
1113Ra835337.50e-09 296.192 0 100.0  12.4  201  1  61.4  52.2  372.0  0.0  0.0  0.0  0.0  0.0  0.0  49.7  20  
1113Ra835387.50e-09 291.392 0 99.9  12.5  201  1  61.5  52.2  372.1  0.0  0.0  0.0  0.0  0.0  0.0  49.9  20  
1112Ra835437.50e-09 286.292 0 99.7  12.3  201  1  61.3  52.2  371.9  0.0  0.0  0.0  0.0  0.0  0.0  49.8  20  
1112Ra835487.50e-09 281.192 0 100.2  12.3  201  1  61.2  52.2  372.1  0.0  0.0  0.0  0.0  0.0  0.0  49.8  20  
1113Ra835537.50e-09 276.292 0 100.1  12.4  201  1  61.4  52.2  372.4  0.0  0.0  0.0  0.0  0.0  0.0  49.6  20  
1113Ra835587.50e-09 271.292 0 100.2  12.3  201  1  61.6  52.2  372.2  0.0  0.0  0.0  0.0  0.0  0.0  49.9  20  
1113Ra835637.50e-09 266.392 0 100.0  12.4  201  1  61.5  52.2  372.3  0.0  0.0  0.0  0.0  0.0  0.0  49.8  20  
1113Ra835687.50e-09 261.292 0 99.8  12.4  201  1  61.5  52.2  372.4  0.0  0.0  0.0  0.0  0.0  0.0  49.7  20  
1112Ra835737.50e-09 256.192 0 100.0  12.3  201  1  61.4  52.2  372.3  0.0  0.0  0.0  0.0  0.0  0.0  49.8  20  
1113Ra835787.50e-09 251.292 0 100.1  12.4  201  1  61.4  52.2  372.3  0.0  0.0  0.0  0.0  0.0  0.0  49.6  20  
1113Ra835837.50e-09 246.192 0 99.9  12.3  201  1  61.4  52.2  372.5  0.0  0.0  0.0  0.0  0.0  0.0  49.7  20  
1112Ra835887.50e-09 241.392 0 99.9  12.4  201  1  61.5  52.2  372.6  0.0  0.0  0.0  0.0  0.0  0.0  50.0  20  
1112Ra835937.50e-09 236.192 0 100.0  12.4  201  1  61.4  52.2  372.7  0.0  0.0  0.0  0.0  0.0  0.0  49.7  20  
1113Ra835987.50e-09 231.392 0 100.1  12.4  201  1  61.4  52.2  372.7  0.0  0.0  0.0  0.0  0.0  0.0  49.9  20  
1113Ra836037.50e-09 226.292 0 99.9  12.3  201  1  61.5  52.2  372.9  0.0  0.0  0.0  0.0  0.0  0.0  50.1  20  
1112Ra836087.50e-09 221.192 0 100.2  12.3  201  1  61.7  52.2  372.8  0.0  0.0  0.0  0.0  0.0  0.0  49.9  20  
1113Ra836137.50e-09 216.392 0 99.9  12.4  201  1  61.7  52.2  372.8  0.0  0.0  0.0  0.0  0.0  0.0  49.8  20  
1112Ra836187.50e-09 211.192 0 100.1  12.4  201  1  61.5  52.2  372.8  0.0  0.0  0.0  0.0  0.0  0.0  49.9  20  
1113Ra836237.50e-09 206.292 0 100.1  12.3  201  1  61.6  52.2  373.0  0.0  0.0  0.0  0.0  0.0  0.0  49.7  20  
1113Ra836287.50e-09 201.292 0 99.9  12.4  201  1  61.5  52.2  372.7  0.0  0.0  0.0  0.0  0.0  0.0  49.9  20  
1112Ra836337.50e-09 196.192 0 100.0  12.4  201  1  61.7  52.2  373.0  0.0  0.0  0.0  0.0  0.0  0.0  49.8  20  
1113Ra836387.50e-09 191.292 0 100.2  12.2  201  1  61.6  52.2  373.1  0.0  0.0  0.0  0.0  0.0  0.0  49.8  20  
1113Ra836437.50e-09 186.292 0 100.0  12.2  201  1  61.6  52.2  372.9  0.0  0.0  0.0  0.0  0.0  0.0  49.8  20  
1113Ra836487.50e-09 181.192 0 100.2  12.3  201  1  61.6  52.2  373.1  0.0  0.0  0.0  0.0  0.0  0.0  49.7  20  
1113Ra836537.50e-09 176.292 0 99.8  12.3  201  1  61.6  52.2  373.0  0.0  0.0  0.0  0.0  0.0  0.0  49.9  20  
1112Ra836587.50e-09 171.192 0 99.9  12.4  201  1  61.5  52.2  373.1  0.0  0.0  0.0  0.0  0.0  0.0  49.7  20  
1112Ra836637.50e-09 166.192 0 100.1  12.4  201  1  61.6  52.2  372.9  0.0  0.0  0.0  0.0  0.0  0.0  49.8  20  
1113Ra836687.50e-09 161.292 0 99.8  12.4  201  1  61.7  52.2  372.9  0.0  0.0  0.0  0.0  0.0  0.0  49.8  20  
1112Ra836737.50e-09 156.192 0 99.8  12.3  201  1  61.5  52.2  373.2  0.0  0.0  0.0  0.0  0.0  0.0  49.8  20  
1112Ra836787.50e-09 151.192 0 99.8  12.4  201  1  61.6  52.2  373.0  0.0  0.0  0.0  0.0  0.0  0.0  49.8  20  
1112Ra836837.50e-09 146.292 0 100.1  12.4  201  1  61.7  52.2  373.1  0.0  0.0  0.0  0.0  0.0  0.0  50.0  20  
1113Ra836887.50e-09 141.192 0 99.9  12.4  201  1  61.6  52.2  373.1  0.0  0.0  0.0  0.0  0.0  0.0  49.6  20  
1112Ra836937.50e-09 136.292 0 100.0  12.5  201  1  61.4  52.2  373.1  0.0  0.0  0.0  0.0  0.0  0.0  50.0  20  
1113Ra836987.50e-09 131.292 0 99.9  12.2  201  1  61.5  52.2  372.9  0.0  0.0  0.0  0.0  0.0  0.0  49.5  20  
1112Ra837037.50e-09 126.192 0 100.2  12.3  201  1  61.5  52.2  373.0  0.0  0.0  0.0  0.0  0.0  0.0  49.9  20  
1113Ra837087.50e-09 121.292 0 100.0  12.2  201  1  61.6  52.2  372.9  0.0  0.0  0.0  0.0  0.0  0.0  49.9  20  
1113Ra837137.50e-09 116.192 0 99.9  12.4  201  1  61.8  52.2  373.1  0.0  0.0  0.0  0.0  0.0  0.0  49.8  20  
1112Ra837187.50e-09 111.292 0 99.8  12.4  201  1  61.7  52.2  372.9  0.0  0.0  0.0  0.0  0.0  0.0  49.8  20  
1112Ra837237.50e-09 106.192 0 100.2  12.4  201  1  61.5  52.2  372.9  0.0  0.0  0.0  0.0  0.0  0.0  49.8  20  
1113Ra837287.50e-09 101.192 0 100.0  12.5  201  1  61.5  52.2  373.2  0.0  0.0  0.0  0.0  0.0  0.0  49.7  20  
1113Ra837337.50e-09 96.292 0 99.9  12.3  201  1  61.5  52.2  373.0  0.0  0.0  0.0  0.0  0.0  0.0  49.7  20  
1111Ra837387.50e-09 91.192 0 100.0  12.3  201  1  61.8  52.2  373.2  0.0  0.0  0.0  0.0  0.0  0.0  49.8  20  
1112Ra837437.50e-09 86.292 0 100.1  12.3  201  1  61.7  52.2  373.1  0.0  0.0  0.0  0.0  0.0  0.0  49.9  20  
1112Ra837487.50e-09 81.192 0 99.7  12.4  201  1  61.5  52.2  373.1  0.0  0.0  0.0  0.0  0.0  0.0  49.7  20  
1111Ra837537.50e-09 76.192 0 100.0  12.3  201  1  61.5  52.2  373.1  0.0  0.0  0.0  0.0  0.0  0.0  49.7  20  
1112Ra837587.50e-09 71.192 0 99.8  12.4  201  1  61.3  52.2  373.2  0.0  0.0  0.0  0.0  0.0  0.0  49.8  20  
1111Ra837637.50e-09 66.292 0 100.0  12.3  201  1  61.6  52.2  372.9  0.0  0.0  0.0  0.0  0.0  0.0  50.0  20  
1112Ra837687.50e-09 61.192 0 100.2  12.4  201  1  61.6  52.2  373.0  0.0  0.0  0.0  0.0  0.0  0.0  49.7  20  
1112Ra837737.50e-09 56.192 0 100.0  12.4  201  1  61.8  52.2  373.1  0.0  0.0  0.0  0.0  0.0  0.0  49.6  20  
1112Ra837787.50e-09 51.292 0 99.9  12.3  201  1  61.6  52.2  373.0  0.0  0.0  0.0  0.0  0.0  0.0  49.8  20  
1111Ra837837.50e-09 46.192 0 100.1  12.2  201  1  61.7  52.2  373.3  0.0  0.0  0.0  0.0  0.0  0.0  49.8  20  
1112Ra837887.50e-09 41.292 0 100.2  12.2  201  1  61.7  52.2  373.2  0.0  0.0  0.0  0.0  0.0  0.0  49.9  20  
1112Ra837937.50e-09 36.292 0 99.9  12.4  201  1  61.6  52.2  373.3  0.0  0.0  0.0  0.0  0.0  0.0  49.8  20  
1111Ra837987.50e-09 31.192 0 100.0  12.3  201  1  61.6  52.2  373.3  0.0  0.0  0.0  0.0  0.0  0.0  49.6  20  
1112Ra838037.50e-09 26.292 0 100.0  12.4  201  1  61.6  52.2  373.1  0.0  0.0  0.0  0.0  0.0  0.0  49.8  20  
1112Ra838087.50e-09 21.192 0 100.0  12.4  201  1  61.7  52.2  373.2  0.0  0.0  0.0  0.0  0.0  0.0  50.0  20  
1112Ra838137.50e-09 16.292 0 100.0  12.3  201  1  61.5  52.2  373.1  0.0  0.0  0.0  0.0  0.0  0.0  49.7  20  
1112Ra838187.50e-09 11.292 0 99.7  12.5  201  1  61.7  52.2  373.1  0.0  0.0  0.0  0.0  0.0  0.0  49.9  20  
1111Ra838237.50e-09 6.192 0 100.0  12.3  201  1  61.7  52.2  373.3  0.0  0.0  0.0  0.0  0.0  0.0  49.8  20  
1111Ra838287.50e-09 1.292 0 100.2  12.5  201  1  61.7  52.2  373.1  0.0  0.0  0.0  0.0  0.0  0.0  49.6  20  
1111Sa83829Pump_to_7E-05_Torr_ 3 0 384 5 On 6.99e-05 0.001 5 1 0.0  0.0  0.0  0.0  0.0  20  
1095R 838307.50e-03 0.001 0 0.0  0.0  0.0  0.0  0.0  
1056R 838351.25e-04 0.001 0 0.0  0.0  0.0  0.0  0.0  
1056R 838405.93e-05 0.001 0 0.0  0.0  0.0  0.0  0.0  
1056pa83840
1014Pa84522Armin_Drill_200W CONDITION Wafer_slot_1
1053Sa84522Pump_to_5E-05_Torr_ 1 0 384 5 On 4.99e-05 0.001 5 1 0.0  0.0  0.0  0.0  0.0  20  
1095R 845227.50e-03 0.001 0 0.0  0.0  0.0  0.0  0.0  
1056R 845277.50e-03 0.001 0 0.0  0.0  0.0  0.0  0.0  
1056R 845327.50e-03 0.001 0 0.0  0.0  0.0  0.0  0.0  
1056R 845377.50e-03 0.001 0 0.0  0.0  0.0  0.0  0.0  
1056R 845427.50e-03 0.001 0 0.0  0.0  0.0  0.0  0.0  
1056R 845477.50e-03 0.001 0 0.0  0.0  0.0  0.0  0.0  
1056R 845523.36e-04 0.001 0 0.0  0.0  0.0  0.0  0.0  
1056R 845572.72e-04 0.001 0 0.0  0.0  0.0  0.0  0.0  
1056R 845622.27e-04 0.001 0 0.0  0.0  0.0  0.0  0.0  
1056R 845672.02e-04 0.001 0 0.0  0.0  0.0  0.0  0.0  
1056R 845721.88e-04 0.001 0 0.0  0.0  0.0  0.0  0.0  
1056R 845771.76e-04 0.001 0 0.0  0.0  0.0  0.0  0.0  
1056R 845821.61e-04 0.001 0 0.0  0.0  0.0  0.0  0.0  
1056R 845871.51e-04 0.001 0 0.0  0.0  0.0  0.0  0.0  
1056R 845921.40e-04 0.001 0 0.0  0.0  0.0  0.0  0.0  
1056R 845971.34e-04 0.001 0 0.0  0.0  0.0  0.0  0.0  
1056R 846021.27e-04 0.001 0 0.0  0.0  0.0  0.0  0.0  
1056R 846071.21e-04 0.001 0 0.0  0.0  0.0  0.0  0.0  
1056R 846121.16e-04 0.001 0 0.0  0.0  0.0  0.0  0.0  
1056R 846171.12e-04 0.001 0 0.0  0.0  0.0  0.0  0.0  
1056R 846221.08e-04 0.001 0 0.0  0.0  0.0  0.0  0.0  
1056R 846271.04e-04 0.001 0 0.0  0.0  0.0  0.0  0.0  
1056R 846329.91e-05 0.001 0 0.0  0.0  0.0  0.0  0.0  
1056R 846379.53e-05 0.001 0 0.0  0.0  0.0  0.0  0.0  
1056R 846429.21e-05 0.001 0 0.0  0.0  0.0  0.0  0.0  
1056R 846478.83e-05 0.001 0 0.0  0.0  0.0  0.0  0.0  
1056R 846528.51e-05 0.001 0 0.0  0.0  0.0  0.0  0.0  
1056R 846578.22e-05 0.001 0 0.0  0.0  0.0  0.0  0.0  
1056R 846628.17e-05 0.001 0 0.0  0.0  0.0  0.0  0.0  
1056R 846678.06e-05 0.001 0 0.0  0.0  0.0  0.0  0.0  
1056R 846727.92e-05 0.001 0 0.0  0.0  0.0  0.0  0.0  
1056R 846777.78e-05 0.001 0 0.0  0.0  0.0  0.0  0.0  
1056R 846827.67e-05 0.001 0 0.0  0.0  0.0  0.0  0.0  
1056R 846877.62e-05 0.001 0 0.0  0.0  0.0  0.0  0.0  
1056R 846927.51e-05 0.001 0 0.0  0.0  0.0  0.0  0.0  
1056R 846977.40e-05 0.001 0 0.0  0.0  0.0  0.0  0.0  
1056R 847027.34e-05 0.001 0 0.0  0.0  0.0  0.0  0.0  
1056R 847077.29e-05 0.001 0 0.0  0.0  0.0  0.0  0.0  
1056R 847127.18e-05 0.001 0 0.0  0.0  0.0  0.0  0.0  
1056R 847177.15e-05 0.001 0 0.0  0.0  0.0  0.0  0.0  
1056R 847227.07e-05 0.001 0 0.0  0.0  0.0  0.0  0.0  
1056R 847276.93e-05 0.001 0 0.0  0.0  0.0  0.0  0.0  
1056R 847326.91e-05 0.001 0 0.0  0.0  0.0  0.0  0.0  
1056R 847376.85e-05 0.001 0 0.0  0.0  0.0  0.0  0.0  
1056R 847426.77e-05 0.001 0 0.0  0.0  0.0  0.0  0.0  
1056R 847476.71e-05 0.001 0 0.0  0.0  0.0  0.0  0.0  
1056R 847526.66e-05 0.001 0 0.0  0.0  0.0  0.0  0.0  
1056R 847576.58e-05 0.001 0 0.0  0.0  0.0  0.0  0.0  
1056R 847626.47e-05 0.001 0 0.0  0.0  0.0  0.0  0.0  
1056R 847676.47e-05 0.001 0 0.0  0.0  0.0  0.0  0.0  
1056R 847726.38e-05 0.001 0 0.0  0.0  0.0  0.0  0.0  
1056R 847776.33e-05 0.001 0 0.0  0.0  0.0  0.0  0.0  
1056R 847826.27e-05 0.001 0 0.0  0.0  0.0  0.0  0.0  
1056R 847876.25e-05 0.001 0 0.0  0.0  0.0  0.0  0.0  
1056R 847926.16e-05 0.001 0 0.0  0.0  0.0  0.0  0.0  
1056R 847976.11e-05 0.001 0 0.0  0.0  0.0  0.0  0.0  
1056R 848026.08e-05 0.001 0 0.0  0.0  0.0  0.0  0.0  
1056R 848076.03e-05 0.001 0 0.0  0.0  0.0  0.0  0.0  
1056R 848125.98e-05 0.001 0 0.0  0.0  0.0  0.0  0.0  
1056R 848175.95e-05 0.001 0 0.0  0.0  0.0  0.0  0.0  
1056R 848225.93e-05 0.001 0 0.0  0.0  0.0  0.0  0.0  
1056R 848275.91e-05 0.001 0 0.0  0.0  0.0  0.0  0.0  
1056R 848325.88e-05 0.001 0 0.0  0.0  0.0  0.0  0.0  
1056R 848375.84e-05 0.001 0 0.0  0.0  0.0  0.0  0.0  
1056R 848425.83e-05 0.001 0 0.0  0.0  0.0  0.0  0.0  
1056R 848475.79e-05 0.001 0 0.0  0.0  0.0  0.0  0.0  
1056R 848525.76e-05 0.001 0 0.0  0.0  0.0  0.0  0.0  
1056R 848575.74e-05 0.001 0 0.0  0.0  0.0  0.0  0.0  
1056R 848625.72e-05 0.001 0 0.0  0.0  0.0  0.0  0.0  
1056R 848675.69e-05 0.001 0 0.0  0.0  0.0  0.0  0.0  
1056R 848725.64e-05 0.001 0 0.0  0.0  0.0  0.0  0.0  
1056R 848775.62e-05 0.001 0 0.0  0.0  0.0  0.0  0.0  
1056R 848825.58e-05 0.001 0 0.0  0.0  0.0  0.0  0.0  
1056R 848875.57e-05 0.001 0 0.0  0.0  0.0  0.0  0.0  
1056R 848925.55e-05 0.001 0 0.0  0.0  0.0  0.0  0.0  
1056R 848975.51e-05 0.001 0 0.0  0.0  0.0  0.0  0.0  
1056R 849025.50e-05 0.001 0 0.0  0.0  0.0  0.0  0.0  
1056R 849075.46e-05 0.001 0 0.0  0.0  0.0  0.0  0.0  
1056R 849125.43e-05 0.001 0 0.0  0.0  0.0  0.0  0.0  
1056R 849175.44e-05 0.001 0 0.0  0.0  0.0  0.0  0.0  
1056R 849225.39e-05 0.001 0 0.0  0.0  0.0  0.0  0.0  
1056R 849275.37e-05 0.001 0 0.0  0.0  0.0  0.0  0.0  
1056R 849325.34e-05 0.001 0 0.0  0.0  0.0  0.0  0.0  
1056R 849375.34e-05 0.001 0 0.0  0.0  0.0  0.0  0.0  
1056R 849425.32e-05 0.001 0 0.0  0.0  0.0  0.0  0.0  
1056R 849475.27e-05 0.001 0 0.0  0.0  0.0  0.0  0.0  
1056R 849525.25e-05 0.001 0 0.0  0.0  0.0  0.0  0.0  
1056R 849575.24e-05 0.001 0 0.0  0.0  0.0  0.0  0.0  
1056R 849625.20e-05 0.001 0 0.0  0.0  0.0  0.0  0.0  
1056R 849675.18e-05 0.001 0 0.0  0.0  0.0  0.0  0.0  
1056R 849725.17e-05 0.001 0 0.0  0.0  0.0  0.0  0.0  
1056R 849775.15e-05 0.001 0 0.0  0.0  0.0  0.0  0.0  
1056R 849825.13e-05 0.001 0 0.0  0.0  0.0  0.0  0.0  
1056R 849875.10e-05 0.001 0 0.0  0.0  0.0  0.0  0.0  
1056R 849925.08e-05 0.001 0 0.0  0.0  0.0  0.0  0.0  
1056R 849975.06e-05 0.001 0 0.0  0.0  0.0  0.0  0.0  
1056R 850025.06e-05 0.001 0 0.0  0.0  0.0  0.0  0.0  
1056R 850075.03e-05 0.001 0 0.0  0.0  0.0  0.0  0.0  
1056R 850125.01e-05 0.001 0 0.0  0.0  0.0  0.0  0.0  
1056R 850174.97e-05 0.001 0 0.0  0.0  0.0  0.0  0.0  
1056Sa85019Armin_SiN_CHF3_ 2 50 257 5 Off Off 7.50e-09 Off 50 5 1 30.0  0.0  pressure 30.4  100  10  200  0.0  0.0  0.0      0  50.0  0.0  0.0  100.0  5.0  20  
1163Ra850207.50e-09 50 0 0.0  30.5  0  0  70.7  47.7  0.0  0.0  0.0  51.1  0.0  0.0  98.8  0.0  20  
1103Ra850257.50e-09 50 0 30.5  31.7  0  0  70.7  47.7  0.0  0.0  0.0  49.7  0.0  0.0  99.7  4.8  20  
1104Ra850307.50e-09 49.332 0 29.8  32.7  201  1  75.5  51.5  439.3  0.0  0.0  49.7  0.0  0.0  99.7  4.7  20  
1112Ra850357.50e-09 44.432 0 29.9  32.2  201  0  67.6  52.2  437.9  0.0  0.0  49.8  0.0  0.0  99.8  4.7  20  
1112Ra850407.50e-09 39.332 0 30.1  32.4  201  1  65.0  52.5  438.9  0.0  0.0  49.6  0.0  0.0  99.7  4.7  20  
1112Ra850457.50e-09 34.232 0 30.0  32.4  201  1  64.5  52.5  439.8  0.0  0.0  50.1  0.0  0.0  99.9  4.8  20  
1112Ra850507.50e-09 29.432 0 30.1  32.4  201  1  64.7  52.5  440.0  0.0  0.0  50.5  0.0  0.0  99.9  4.9  20  
1112Ra850557.50e-09 24.332 0 30.0  32.5  201  1  64.7  52.5  440.2  0.0  0.0  50.0  0.0  0.0  99.9  4.8  20  
1112Ra850607.50e-09 19.232 0 30.0  32.4  201  1  64.6  52.5  440.0  0.0  0.0  50.2  0.0  0.0  100.0  4.9  20  
1113Ra850657.50e-09 14.432 0 29.8  32.3  201  1  64.4  52.5  440.4  0.0  0.0  49.1  0.0  0.0  99.3  4.6  20  
1112Ra850707.50e-09 9.332 0 30.3  32.4  201  1  64.8  52.5  440.4  0.0  0.0  49.6  0.0  0.0  99.4  4.6  20  
1111Ra850757.50e-09 4.432 0 30.1  32.3  201  1  64.5  52.5  440.1  0.0  0.0  49.6  0.0  0.0  99.8  4.7  20  
1111Sa85079Pump_to_7E-05_Torr_ 3 0 384 5 On 7.51e-05 0.001 5 1 0.0  0.0  0.0  0.0  0.0  20  
1095R 850807.50e-03 0.001 0 0.0  0.0  0.0  0.0  0.0  
1056R 850853.16e-04 0.001 0 0.0  0.0  0.0  0.0  0.0  
1056R 850901.15e-04 0.001 0 0.0  0.0  0.0  0.0  0.0  
1056R 850957.29e-05 0.001 0 0.0  0.0  0.0  0.0  0.0  
1056pa85097
1014Pa85248Armin_Drill_200W_-_edited CONDITION Wafer_slot_1
1062Sa85248Pump_to_5E-05_Torr_ 1 0 384 5 On 4.99e-05 0.001 5 1 0.0  0.0  0.0  0.0  0.0  20  
1095R 852487.50e-03 0.001 0 0.0  0.0  0.0  0.0  0.0  
1056R 852537.50e-03 0.001 0 0.0  0.0  0.0  0.0  0.0  
1056R 852587.50e-03 0.001 0 0.0  0.0  0.0  0.0  0.0  
1056R 852637.50e-03 0.001 0 0.0  0.0  0.0  0.0  0.0  
1056R 852687.50e-03 0.001 0 0.0  0.0  0.0  0.0  0.0  
1056R 852731.50e-04 0.001 0 0.0  0.0  0.0  0.0  0.0  
1056R 852781.16e-04 0.001 0 0.0  0.0  0.0  0.0  0.0  
1056R 852831.04e-04 0.001 0 0.0  0.0  0.0  0.0  0.0  
1056R 852889.40e-05 0.001 0 0.0  0.0  0.0  0.0  0.0  
1056R 852938.51e-05 0.001 0 0.0  0.0  0.0  0.0  0.0  
1056R 852988.11e-05 0.001 0 0.0  0.0  0.0  0.0  0.0  
1056R 853037.84e-05 0.001 0 0.0  0.0  0.0  0.0  0.0  
1056R 853087.56e-05 0.001 0 0.0  0.0  0.0  0.0  0.0  
1056R 853137.34e-05 0.001 0 0.0  0.0  0.0  0.0  0.0  
1056R 853187.12e-05 0.001 0 0.0  0.0  0.0  0.0  0.0  
1056R 853236.93e-05 0.001 0 0.0  0.0  0.0  0.0  0.0  
1056R 853286.77e-05 0.001 0 0.0  0.0  0.0  0.0  0.0  
1056R 853336.52e-05 0.001 0 0.0  0.0  0.0  0.0  0.0  
1056R 853386.36e-05 0.001 0 0.0  0.0  0.0  0.0  0.0  
1056R 853436.19e-05 0.001 0 0.0  0.0  0.0  0.0  0.0  
1056R 853486.05e-05 0.001 0 0.0  0.0  0.0  0.0  0.0  
1056R 853535.93e-05 0.001 0 0.0  0.0  0.0  0.0  0.0  
1056R 853585.84e-05 0.001 0 0.0  0.0  0.0  0.0  0.0  
1056R 853635.77e-05 0.001 0 0.0  0.0  0.0  0.0  0.0  
1056R 853685.69e-05 0.001 0 0.0  0.0  0.0  0.0  0.0  
1056R 853735.60e-05 0.001 0 0.0  0.0  0.0  0.0  0.0  
1056R 853785.51e-05 0.001 0 0.0  0.0  0.0  0.0  0.0  
1056R 853835.46e-05 0.001 0 0.0  0.0  0.0  0.0  0.0  
1056R 853885.39e-05 0.001 0 0.0  0.0  0.0  0.0  0.0  
1056R 853935.32e-05 0.001 0 0.0  0.0  0.0  0.0  0.0  
1056R 853985.27e-05 0.001 0 0.0  0.0  0.0  0.0  0.0  
1056R 854035.20e-05 0.001 0 0.0  0.0  0.0  0.0  0.0  
1056R 854085.13e-05 0.001 0 0.0  0.0  0.0  0.0  0.0  
1056R 854135.10e-05 0.001 0 0.0  0.0  0.0  0.0  0.0  
1056R 854185.04e-05 0.001 0 0.0  0.0  0.0  0.0  0.0  
1056R 854234.97e-05 0.001 0 0.0  0.0  0.0  0.0  0.0  
1056Sa85423Armin_SiN_CHF3_ 2 420 257 5 Off Off 7.50e-09 Off 420 5 1 30.0  0.0  pressure 30.4  100  10  200  0.0  0.0  0.0      0  50.0  0.0  0.0  100.0  5.0  20  
1165Ra854244.97e-05 420 0 0.0  90.0  0  0  70.7  47.7  0.0  0.0  0.0  0.0  0.0  0.0  0.0  0.0  20  
1102Ra854297.50e-09 420 0 30.4  32.1  0  0  70.7  47.7  0.0  0.0  0.0  49.7  0.0  0.0  99.8  5.0  20  
1105Ra854347.50e-09 419.936 0 29.8  32.4  184  90  72.5  50.3  278.7  0.0  0.0  49.6  0.0  0.0  99.6  4.8  20  
1114Ra854397.50e-09 415.884 0 30.1  32.5  201  0  69.9  52.0  437.8  0.0  0.0  49.6  0.0  0.0  99.6  4.7  20  
1113Ra854447.50e-09 410.984 0 30.2  32.0  201  1  66.0  52.4  439.7  0.0  0.0  49.8  0.0  0.0  99.7  4.8  20  
1113Ra854497.50e-09 405.984 0 30.0  32.3  201  1  65.0  52.5  439.8  0.0  0.0  50.1  0.0  0.0  99.8  4.7  20  
1113Ra854547.50e-09 400.884 0 30.0  32.4  201  1  64.7  52.5  440.3  0.0  0.0  49.7  0.0  0.0  99.8  4.7  20  
1113Ra854597.50e-09 395.984 0 29.9  32.3  201  1  64.6  52.5  440.8  0.0  0.0  49.5  0.0  0.0  99.8  4.5  20  
1113Ra854647.50e-09 390.884 0 30.0  32.3  201  1  64.6  52.5  440.6  0.0  0.0  49.8  0.0  0.0  99.7  4.9  20  
1113Ra854697.50e-09 385.984 0 30.0  32.4  201  1  64.4  52.5  440.7  0.0  0.0  50.2  0.0  0.0  99.9  5.1  20  
1113Ra854747.50e-09 380.884 0 30.1  32.4  201  1  64.6  52.5  440.9  0.0  0.0  49.8  0.0  0.0  99.7  4.8  20  
1113Ra854797.50e-09 375.884 0 30.1  32.3  201  1  64.7  52.5  441.1  0.0  0.0  49.8  0.0  0.0  99.8  4.8  20  
1113Ra854847.50e-09 370.984 0 30.2  32.3  201  1  64.8  52.5  440.8  0.0  0.0  49.7  0.0  0.0  99.7  4.7  20  
1113Ra854897.50e-09 365.884 0 29.9  32.4  201  1  64.5  52.5  440.9  0.0  0.0  49.6  0.0  0.0  99.7  4.7  20  
1113Ra854947.50e-09 360.884 0 30.1  32.4  201  1  64.8  52.5  440.8  0.0  0.0  49.6  0.0  0.0  99.7  4.7  20  
1113Ra854997.50e-09 355.984 0 29.9  32.3  201  1  64.4  52.5  440.5  0.0  0.0  49.7  0.0  0.0  99.8  4.8  20  
1113Ra855047.50e-09 350.884 0 29.8  32.3  201  1  64.4  52.5  440.7  0.0  0.0  49.3  0.0  0.0  99.6  4.6  20  
1113Ra855097.50e-09 345.984 0 30.3  32.3  201  1  64.7  52.5  440.9  0.0  0.0  49.1  0.0  0.0  99.5  4.6  20  
1113Ra855147.50e-09 340.984 0 30.0  32.3  201  1  64.5  52.5  441.3  0.0  0.0  49.6  0.0  0.0  99.7  4.7  20  
1113Ra855197.50e-09 335.884 0 30.0  32.3  201  1  64.4  52.5  441.1  0.0  0.0  49.9  0.0  0.0  99.5  4.7  20  
1113Ra855247.50e-09 330.984 0 30.0  32.3  201  1  64.4  52.5  441.3  0.0  0.0  50.2  0.0  0.0  99.9  4.9  20  
1113Ra855297.50e-09 325.884 0 30.0  32.4  201  1  64.4  52.5  441.1  0.0  0.0  49.7  0.0  0.0  99.5  4.6  20  
1113Ra855347.50e-09 320.884 0 29.8  32.2  201  1  64.6  52.5  441.5  0.0  0.0  49.8  0.0  0.0  99.7  4.7  20  
1113Ra855397.50e-09 315.984 0 29.9  32.3  201  1  64.5  52.5  441.6  0.0  0.0  50.1  0.0  0.0  99.8  4.9  20  
1113Ra855447.50e-09 310.884 0 30.1  32.3  201  1  64.6  52.5  441.7  0.0  0.0  49.6  0.0  0.0  99.7  4.7  20  
1113Ra855497.50e-09 305.884 0 30.0  32.3  201  1  64.5  52.4  441.5  0.0  0.0  49.9  0.0  0.0  99.8  4.9  20  
1113Ra855547.50e-09 300.984 0 30.2  32.1  201  1  64.5  52.4  441.3  0.0  0.0  50.2  0.0  0.0  99.8  5.0  20  
1113Ra855597.50e-09 295.884 0 30.1  32.3  201  1  64.4  52.4  441.9  0.0  0.0  49.5  0.0  0.0  99.6  4.7  20  
1113Ra855647.50e-09 290.984 0 29.8  32.3  201  1  64.8  52.4  441.9  0.0  0.0  49.9  0.0  0.0  99.7  4.8  20  
1113Ra855697.50e-09 285.884 0 29.9  32.1  201  1  64.6  52.4  441.8  0.0  0.0  50.3  0.0  0.0  99.9  4.8  20  
1113Ra855747.50e-09 280.984 0 29.8  32.2  201  1  64.6  52.4  441.8  0.0  0.0  49.7  0.0  0.0  99.6  4.8  20  
1113Ra855797.50e-09 275.984 0 30.1  32.3  201  1  64.9  52.4  442.0  0.0  0.0  49.8  0.0  0.0  99.5  4.8  20  
1113Ra855847.50e-09 270.884 0 30.0  32.2  201  1  64.5  52.4  441.9  0.0  0.0  50.0  0.0  0.0  99.7  4.8  20  
1113Ra855897.50e-09 265.984 0 30.1  32.2  201  1  64.6  52.4  441.7  0.0  0.0  49.9  0.0  0.0  99.7  4.8  20  
1113Ra855947.50e-09 260.884 0 30.1  32.2  201  1  64.7  52.4  442.2  0.0  0.0  49.5  0.0  0.0  99.6  4.7  20  
1113Ra855997.50e-09 255.984 0 30.1  32.2  201  1  64.7  52.4  442.0  0.0  0.0  50.1  0.0  0.0  100.0  5.0  20  
1114Ra856047.50e-09 250.884 0 30.2  31.9  201  1  64.6  52.4  442.2  0.0  0.0  49.7  0.0  0.0  99.4  4.7  20  
1113Ra856097.50e-09 245.884 0 30.1  32.1  201  1  64.7  52.4  442.3  0.0  0.0  50.1  0.0  0.0  99.9  4.9  20  
1113Ra856147.50e-09 240.984 0 30.1  32.2  201  1  64.6  52.4  442.5  0.0  0.0  50.0  0.0  0.0  99.8  4.8  20  
1113Ra856197.50e-09 235.884 0 30.2  32.0  201  1  64.6  52.4  442.2  0.0  0.0  50.0  0.0  0.0  99.8  4.8  20  
1113Ra856247.50e-09 230.784 0 30.0  32.2  201  1  65.0  52.4  442.3  0.0  0.0  49.7  0.0  0.0  99.7  4.8  20  
1113Ra856297.50e-09 225.984 0 29.7  32.3  201  1  64.6  52.4  442.2  0.0  0.0  49.9  0.0  0.0  99.6  4.8  20  
1113Ra856347.50e-09 220.984 0 30.2  31.9  201  1  64.7  52.4  442.4  0.0  0.0  49.3  0.0  0.0  99.5  4.6  20  
1113Ra856397.50e-09 215.884 0 29.9  32.1  201  1  64.7  52.4  442.4  0.0  0.0  49.6  0.0  0.0  99.5  4.7  20  
1113Ra856447.50e-09 210.884 0 29.9  32.2  201  1  64.8  52.4  442.7  0.0  0.0  50.0  0.0  0.0  99.8  5.0  20  
1113Ra856497.50e-09 205.884 0 29.9  32.1  201  1  64.9  52.4  442.6  0.0  0.0  49.2  0.0  0.0  99.3  4.6  20  
1113Ra856547.50e-09 200.884 0 30.2  32.0  201  1  64.9  52.4  442.2  0.0  0.0  50.0  0.0  0.0  99.8  4.8  20  
1113Ra856597.50e-09 195.984 0 29.7  32.3  201  1  64.7  52.4  442.5  0.0  0.0  49.9  0.0  0.0  99.9  4.8  20  
1113Ra856647.50e-09 190.884 0 30.2  32.1  201  1  64.7  52.4  442.5  0.0  0.0  50.2  0.0  0.0  100.0  4.9  20  
1114Ra856697.50e-09 185.884 0 29.8  32.0  201  1  64.8  52.3  442.5  0.0  0.0  49.5  0.0  0.0  99.6  4.8  20  
1113Ra856747.50e-09 180.984 0 30.1  32.1  201  1  65.0  52.4  442.6  0.0  0.0  49.8  0.0  0.0  99.8  4.8  20  
1113Ra856797.50e-09 175.884 0 30.2  32.1  201  1  64.9  52.3  442.8  0.0  0.0  50.1  0.0  0.0  99.9  5.0  20  
1113Ra856847.50e-09 170.784 0 30.0  32.1  201  1  64.9  52.3  442.5  0.0  0.0  50.1  0.0  0.0  100.0  4.8  20  
1114Ra856897.50e-09 165.984 0 29.9  32.0  201  1  64.7  52.3  443.0  0.0  0.0  50.5  0.0  0.0  100.1  4.9  20  
1114Ra856947.50e-09 160.884 0 30.0  32.2  201  1  64.8  52.3  442.9  0.0  0.0  50.3  0.0  0.0  99.9  5.0  20  
1113Ra856997.50e-09 155.784 0 30.1  32.1  201  1  64.8  52.3  442.9  0.0  0.0  49.9  0.0  0.0  99.9  4.8  20  
1113Ra857047.50e-09 150.884 0 30.4  32.0  201  1  64.8  52.4  443.0  0.0  0.0  49.9  0.0  0.0  99.7  4.7  20  
1113Ra857097.50e-09 145.884 0 29.8  32.0  201  1  65.1  52.4  443.0  0.0  0.0  49.4  0.0  0.0  99.6  4.7  20  
1113Ra857147.50e-09 140.984 0 30.1  32.2  201  1  65.0  52.3  442.9  0.0  0.0  49.5  0.0  0.0  99.4  4.7  20  
1113Ra857197.50e-09 135.884 0 30.0  32.0  201  1  64.8  52.3  443.2  0.0  0.0  49.9  0.0  0.0  99.7  4.9  20  
1113Ra857247.50e-09 130.784 0 30.1  32.1  201  1  64.7  52.3  443.3  0.0  0.0  50.0  0.0  0.0  100.0  4.9  20  
1114Ra857297.50e-09 125.984 0 30.1  32.2  201  1  64.9  52.3  443.5  0.0  0.0  49.7  0.0  0.0  99.7  4.7  20  
1113Ra857347.50e-09 120.884 0 29.8  32.0  201  1  65.0  52.3  443.2  0.0  0.0  50.3  0.0  0.0  100.0  4.9  20  
1114Ra857397.50e-09 115.784 0 30.0  32.0  201  1  64.8  52.3  443.5  0.0  0.0  49.8  0.0  0.0  99.7  4.7  20  
1113Ra857447.50e-09 110.884 0 30.1  32.1  201  1  64.9  52.3  443.6  0.0  0.0  50.3  0.0  0.0  99.9  4.7  20  
1113Ra857497.50e-09 105.784 0 30.2  32.2  201  1  64.9  52.3  443.4  0.0  0.0  49.7  0.0  0.0  99.5  4.8  20  
1113Ra857547.50e-09 100.984 0 30.1  31.9  201  1  64.9  52.3  443.4  0.0  0.0  50.1  0.0  0.0  99.8  4.8  20  
1113Ra857597.50e-09 95.884 0 30.1  32.1  201  1  65.1  52.3  443.7  0.0  0.0  50.2  0.0  0.0  99.9  4.9  20  
1112Ra857647.50e-09 90.784 0 30.3  32.1  201  1  65.1  52.3  443.9  0.0  0.0  49.4  0.0  0.0  99.8  4.8  20  
1112Ra857697.50e-09 85.884 0 30.0  31.9  201  1  64.9  52.3  444.0  0.0  0.0  49.8  0.0  0.0  99.8  4.8  20  
1112Ra857747.50e-09 80.884 0 29.9  32.1  201  1  65.0  52.3  444.1  0.0  0.0  49.5  0.0  0.0  99.5  4.7  20  
1112Ra857797.50e-09 75.984 0 29.9  32.1  201  1  65.1  52.3  444.2  0.0  0.0  50.5  0.0  0.0  100.1  5.0  20  
1113Ra857847.50e-09 70.884 0 30.1  32.2  201  1  64.9  52.3  443.9  0.0  0.0  49.4  0.0  0.0  99.6  4.6  20  
1112Ra857897.50e-09 65.784 0 30.0  32.0  201  1  65.2  52.3  444.0  0.0  0.0  49.4  0.0  0.0  99.7  4.9  20  
1112Ra857947.50e-09 60.984 0 30.0  32.1  201  1  65.0  52.3  444.1  0.0  0.0  50.2  0.0  0.0  100.0  4.8  20  
1113Ra857997.50e-09 55.884 0 30.1  32.1  201  1  64.9  52.3  443.8  0.0  0.0  49.6  0.0  0.0  99.8  4.8  20  
1112Ra858047.50e-09 50.784 0 29.8  31.9  201  1  64.9  52.3  444.2  0.0  0.0  50.2  0.0  0.0  100.1  5.0  20  
1113Ra858097.50e-09 45.984 0 30.1  32.0  201  1  65.1  52.3  444.1  0.0  0.0  49.8  0.0  0.0  100.0  4.9  20  
1113Ra858147.50e-09 40.884 0 30.1  32.2  201  1  65.0  52.3  444.2  0.0  0.0  49.7  0.0  0.0  99.7  4.7  20  
1112Ra858197.50e-09 35.784 0 30.0  32.0  201  1  64.9  52.3  444.1  0.0  0.0  49.8  0.0  0.0  99.8  4.9  20  
1112Ra858247.50e-09 30.884 0 30.2  32.1  201  1  65.0  52.3  444.4  0.0  0.0  50.2  0.0  0.0  100.1  4.8  20  
1113Ra858297.50e-09 25.884 0 30.2  32.2  201  1  65.1  52.3  444.8  0.0  0.0  50.0  0.0  0.0  100.0  4.9  20  
1113Ra858347.50e-09 20.784 0 30.0  32.1  201  1  65.1  52.3  444.8  0.0  0.0  49.8  0.0  0.0  99.7  4.7  20  
1112Ra858397.50e-09 15.884 0 30.3  31.9  201  1  65.1  52.3  444.6  0.0  0.0  49.5  0.0  0.0  99.4  4.5  20  
1112Ra858447.50e-09 10.884 0 30.0  32.0  201  1  65.2  52.3  444.5  0.0  0.0  49.6  0.0  0.0  99.5  4.9  20  
1112Ra858497.50e-09 5.984 0 29.8  32.2  201  1  65.1  52.3  444.5  0.0  0.0  49.8  0.0  0.0  99.6  4.8  20  
1111Ra858547.50e-09 0.884 0 30.0  32.0  201  1  65.0  52.3  444.6  0.0  0.0  49.9  0.0  0.0  100.0  5.0  20  
1112Sa85854Pump_to_7E-05_Torr_ 3 0 384 5 On 7.51e-05 0.001 5 1 0.0  0.0  0.0  0.0  0.0  20  
1095R 858557.50e-03 0.001 0 0.0  0.0  0.0  0.0  0.0  
1056R 858603.73e-04 0.001 0 0.0  0.0  0.0  0.0  0.0  
1056R 858651.13e-04 0.001 0 0.0  0.0  0.0  0.0  0.0  
1056R 858706.47e-05 0.001 0 0.0  0.0  0.0  0.0  0.0  
1056pa85870
1014